Date,High,Low,Open,Close,Volume,Adj Close
1999-12-31,3.8570680618286133,3.667658567428589,3.684877634048462,3.805410861968994,270800.0,2.6613919734954834
2000-01-03,3.805410861968994,3.6160013675689697,3.805410861968994,3.650439500808716,840000.0,2.5530104637145996
2000-01-04,3.684877634048462,3.374934673309326,3.684877634048462,3.5126869678497314,568400.0,2.456669569015503
2000-01-05,3.5815632343292236,3.4954679012298584,3.5299060344696045,3.5643441677093506,501700.0,2.492798328399658
2000-01-06,3.5471251010894775,3.374934673309326,3.5471251010894775,3.374934673309326,2483300.0,2.3603293895721436
2000-01-07,3.5471251010894775,3.392153739929199,3.409372568130493,3.4954679012298584,684500.0,2.4446277618408203
2000-01-10,3.5643441677093506,3.426591634750366,3.4954679012298584,3.5643441677093506,581600.0,2.492798328399658
2000-01-11,3.5643441677093506,3.323277473449707,3.5643441677093506,3.34049654006958,2928500.0,2.3362443447113037
2000-01-12,3.374934673309326,3.288839340209961,3.34049654006958,3.306058406829834,1210100.0,2.312160015106201
2000-01-13,3.392153739929199,3.288839340209961,3.374934673309326,3.34049654006958,1182100.0,2.3362443447113037
2000-01-14,3.4954679012298584,3.271620273590088,3.357715606689453,3.4954679012298584,972000.0,2.4446277618408203
2000-01-18,3.357715606689453,3.271620273590088,3.34049654006958,3.323277473449707,883200.0,2.3242027759552
2000-01-19,3.374934673309326,3.2027440071105957,3.374934673309326,3.237182140350342,782900.0,2.2639901638031006
2000-01-20,3.271620273590088,3.1338677406311035,3.271620273590088,3.237182140350342,1253600.0,2.2639901638031006
2000-01-21,3.237182140350342,3.1166486740112305,3.237182140350342,3.2027440071105957,1131600.0,2.2399046421051025
2000-01-24,3.34049654006958,3.1683058738708496,3.323277473449707,3.2027440071105957,1783200.0,2.2399046421051025
2000-01-25,3.237182140350342,2.9961154460906982,3.237182140350342,3.0305535793304443,1065600.0,2.119478940963745
2000-01-26,3.1683058738708496,3.0649917125701904,3.0649917125701904,3.0822105407714844,1167600.0,2.1556079387664795
2000-01-27,3.2027440071105957,3.0994296073913574,3.0994296073913574,3.1166486740112305,1120900.0,2.179692268371582
2000-01-28,3.1338677406311035,3.0649917125701904,3.0994296073913574,3.0649917125701904,1064500.0,2.1435651779174805
2000-01-31,3.306058406829834,3.1338677406311035,3.306058406829834,3.2027440071105957,1476100.0,2.2399046421051025
2000-02-01,3.2199630737304688,3.1166486740112305,3.2199630737304688,3.1510868072509766,1028400.0,2.203777313232422
2000-02-02,3.271620273590088,3.1510868072509766,3.271620273590088,3.2027440071105957,1501700.0,2.2399046421051025
2000-02-03,3.426591634750366,3.2199630737304688,3.2199630737304688,3.357715606689453,2116400.0,2.377934217453003
2000-02-04,3.4782488346099854,3.323277473449707,3.4782488346099854,3.34049654006958,895300.0,2.3657383918762207
2000-02-07,3.409372568130493,3.34049654006958,3.409372568130493,3.392153739929199,1000900.0,2.402322769165039
2000-02-08,3.5126869678497314,3.374934673309326,3.392153739929199,3.409372568130493,1261300.0,2.414518356323242
2000-02-09,3.5815632343292236,3.409372568130493,3.5643441677093506,3.426591634750366,765700.0,2.4267115592956543
2000-02-10,3.667658567428589,3.392153739929199,3.667658567428589,3.409372568130493,1729300.0,2.414518356323242
2000-02-11,3.409372568130493,3.271620273590088,3.409372568130493,3.323277473449707,680500.0,2.3535447120666504
2000-02-14,3.4782488346099854,3.323277473449707,3.323277473449707,3.426591634750366,873700.0,2.4267115592956543
2000-02-15,3.4782488346099854,3.374934673309326,3.4438107013702393,3.426591634750366,1095700.0,2.4267115592956543
2000-02-16,3.4438107013702393,3.2199630737304688,3.4438107013702393,3.2199630737304688,1053600.0,2.2803773880004883
2000-02-17,3.426591634750366,3.271620273590088,3.357715606689453,3.271620273590088,1070500.0,2.316960334777832
2000-02-18,3.288839340209961,3.0649917125701904,3.2199630737304688,3.271620273590088,1752100.0,2.316960334777832
2000-02-22,3.271620273590088,3.1166486740112305,3.271620273590088,3.237182140350342,818500.0,2.292572498321533
2000-02-23,3.237182140350342,3.0994296073913574,3.1855249404907227,3.1510868072509766,689600.0,2.231600761413574
2000-02-24,3.1855249404907227,3.0649917125701904,3.1338677406311035,3.0822105407714844,626500.0,2.182821035385132
2000-02-25,3.1510868072509766,3.0994296073913574,3.1510868072509766,3.0994296073913574,1208000.0,2.1950156688690186
2000-02-28,3.1683058738708496,3.0649917125701904,3.0994296073913574,3.1166486740112305,581300.0,2.2072105407714844
2000-02-29,3.1338677406311035,3.0649917125701904,3.1166486740112305,3.0994296073913574,820800.0,2.1950156688690186
2000-03-01,3.323277473449707,3.1338677406311035,3.1338677406311035,3.323277473449707,1351300.0,2.3535447120666504
2000-03-02,3.34049654006958,3.288839340209961,3.306058406829834,3.323277473449707,978000.0,2.3535447120666504
2000-03-03,3.4438107013702393,3.306058406829834,3.323277473449707,3.34049654006958,670400.0,2.3657383918762207
2000-03-06,3.357715606689453,3.1855249404907227,3.34049654006958,3.271620273590088,302900.0,2.316960334777832
2000-03-07,3.254401206970215,3.1166486740112305,3.237182140350342,3.1166486740112305,830900.0,2.2072105407714844
2000-03-08,3.1855249404907227,3.0994296073913574,3.0994296073913574,3.1510868072509766,743300.0,2.231600761413574
2000-03-09,3.288839340209961,3.1683058738708496,3.1855249404907227,3.288839340209961,466800.0,2.3291561603546143
2000-03-10,3.254401206970215,3.1510868072509766,3.237182140350342,3.1855249404907227,472900.0,2.2559890747070312
2000-03-13,3.306058406829834,3.1338677406311035,3.1338677406311035,3.1855249404907227,618500.0,2.2559890747070312
2000-03-14,3.254401206970215,3.0994296073913574,3.254401206970215,3.0994296073913574,1324100.0,2.1950156688690186
2000-03-15,3.4438107013702393,3.1166486740112305,3.1166486740112305,3.323277473449707,816500.0,2.3535447120666504
2000-03-16,3.8742871284484863,3.4782488346099854,3.4782488346099854,3.788191795349121,3454800.0,2.6827967166900635
2000-03-17,3.770972728729248,3.650439500808716,3.702096700668335,3.684877634048462,958400.0,2.609630584716797
2000-03-20,3.788191795349121,3.684877634048462,3.702096700668335,3.719315528869629,554500.0,2.6340181827545166
2000-03-21,3.702096700668335,3.5815632343292236,3.650439500808716,3.684877634048462,888500.0,2.609630584716797
2000-03-22,3.719315528869629,3.5299060344696045,3.702096700668335,3.6160013675689697,964400.0,2.560852527618408
2000-03-23,3.8570680618286133,3.6160013675689697,3.6332204341888428,3.753753662109375,1294900.0,2.6584081649780273
2000-03-24,3.8570680618286133,3.702096700668335,3.788191795349121,3.702096700668335,672100.0,2.6218247413635254
2000-03-27,3.719315528869629,3.5815632343292236,3.702096700668335,3.650439500808716,899600.0,2.5852415561676025
2000-03-28,3.6332204341888428,3.5126869678497314,3.5471251010894775,3.5815632343292236,596400.0,2.5364625453948975
2000-03-29,3.650439500808716,3.4610297679901123,3.5815632343292236,3.5126869678497314,1022400.0,2.487684726715088
2000-03-30,3.8570680618286133,3.4610297679901123,3.4954679012298584,3.684877634048462,2905200.0,2.609630584716797
2000-03-31,3.6332204341888428,3.5643441677093506,3.5815632343292236,3.5987823009490967,827300.0,2.5486581325531006
2000-04-03,3.702096700668335,3.5471251010894775,3.5643441677093506,3.650439500808716,839600.0,2.5852415561676025
2000-04-04,3.702096700668335,3.4438107013702393,3.6160013675689697,3.5815632343292236,1194000.0,2.5364625453948975
2000-04-05,3.805410861968994,3.4782488346099854,3.4954679012298584,3.5815632343292236,1659700.0,2.5364625453948975
2000-04-06,3.719315528869629,3.5815632343292236,3.650439500808716,3.684877634048462,523200.0,2.609630584716797
2000-04-07,3.8398489952087402,3.702096700668335,3.702096700668335,3.736534595489502,943700.0,2.6462132930755615
2000-04-10,3.8398489952087402,3.6160013675689697,3.719315528869629,3.6332204341888428,627700.0,2.573046922683716
2000-04-11,3.702096700668335,3.5815632343292236,3.5987823009490967,3.6160013675689697,408800.0,2.560852527618408
2000-04-12,3.770972728729248,3.5987823009490967,3.6160013675689697,3.702096700668335,875300.0,2.6218247413635254
2000-04-13,3.770972728729248,3.6332204341888428,3.667658567428589,3.770972728729248,1712900.0,2.670602798461914
2000-04-14,3.667658567428589,3.409372568130493,3.6332204341888428,3.4782488346099854,1470100.0,2.4632952213287354
2000-04-17,3.4438107013702393,3.357715606689453,3.4438107013702393,3.374934673309326,1304400.0,2.3901290893554688
2000-04-18,3.5643441677093506,3.374934673309326,3.392153739929199,3.5126869678497314,1028400.0,2.487684726715088
2000-04-19,3.5299060344696045,3.409372568130493,3.5126869678497314,3.5126869678497314,404500.0,2.487684726715088
2000-04-20,3.5126869678497314,3.357715606689453,3.5126869678497314,3.357715606689453,611600.0,2.377934217453003
2000-04-24,3.5815632343292236,3.392153739929199,3.409372568130493,3.5299060344696045,1028500.0,2.499880075454712
2000-04-25,3.702096700668335,3.4954679012298584,3.5471251010894775,3.5987823009490967,1022400.0,2.5486581325531006
2000-04-26,3.684877634048462,3.5987823009490967,3.5987823009490967,3.6332204341888428,756800.0,2.573046922683716
2000-04-27,3.667658567428589,3.5815632343292236,3.6332204341888428,3.650439500808716,670800.0,2.5852415561676025
2000-04-28,3.667658567428589,3.4782488346099854,3.667658567428589,3.5643441677093506,565200.0,2.5242691040039062
2000-05-01,3.6332204341888428,3.5643441677093506,3.6332204341888428,3.5815632343292236,1172400.0,2.5364625453948975
2000-05-02,3.753753662109375,3.5643441677093506,3.5815632343292236,3.6160013675689697,1048800.0,2.560852527618408
2000-05-03,3.684877634048462,3.4954679012298584,3.6332204341888428,3.5299060344696045,687600.0,2.499880075454712
2000-05-04,3.6332204341888428,3.5643441677093506,3.5643441677093506,3.6332204341888428,532800.0,2.573046922683716
2000-05-05,3.8570680618286133,3.6332204341888428,3.702096700668335,3.8570680618286133,2368100.0,2.7315759658813477
2000-05-08,3.9259443283081055,3.736534595489502,3.9259443283081055,3.788191795349121,830000.0,2.6827967166900635
2000-05-09,4.029258728027344,3.753753662109375,3.753753662109375,3.9087252616882324,999200.0,2.7681589126586914
2000-05-10,3.9603824615478516,3.667658567428589,3.9259443283081055,3.684877634048462,427700.0,2.609630584716797
2000-05-11,3.805410861968994,3.667658567428589,3.702096700668335,3.805410861968994,457200.0,2.7245142459869385
2000-05-12,3.9948205947875977,3.770972728729248,3.770972728729248,3.9431633949279785,815300.0,2.8231401443481445
2000-05-15,3.9603824615478516,3.8742871284484863,3.9259443283081055,3.9087252616882324,303600.0,2.7984840869903564
2000-05-16,4.012039661407471,3.9087252616882324,3.9776015281677246,3.9603824615478516,500000.0,2.8354687690734863
2000-05-17,3.9948205947875977,3.770972728729248,3.9431633949279785,3.822629928588867,633700.0,2.7368431091308594
2000-05-18,3.822629928588867,3.684877634048462,3.788191795349121,3.684877634048462,476400.0,2.638218402862549
2000-05-19,3.719315528869629,3.5471251010894775,3.684877634048462,3.5643441677093506,778900.0,2.551922559738159
2000-05-22,3.5815632343292236,3.4610297679901123,3.4782488346099854,3.5299060344696045,844800.0,2.527266025543213
2000-05-23,3.5987823009490967,3.4782488346099854,3.4954679012298584,3.4954679012298584,689300.0,2.5026092529296875
2000-05-24,3.5815632343292236,3.4782488346099854,3.4954679012298584,3.5815632343292236,544900.0,2.564249277114868
2000-05-25,3.650439500808716,3.5643441677093506,3.5643441677093506,3.6160013675689697,468500.0,2.5889060497283936
2000-05-26,3.6160013675689697,3.5126869678497314,3.6160013675689697,3.6160013675689697,740000.0,2.5889060497283936
2000-05-30,3.667658567428589,3.5815632343292236,3.5815632343292236,3.650439500808716,352900.0,2.61356258392334
2000-05-31,3.650439500808716,3.5815632343292236,3.6160013675689697,3.5987823009490967,403700.0,2.57657790184021
2000-06-01,3.667658567428589,3.5815632343292236,3.5815632343292236,3.6160013675689697,554500.0,2.5889060497283936
2000-06-02,3.8742871284484863,3.736534595489502,3.770972728729248,3.8742871284484863,857300.0,2.7738280296325684
2000-06-05,3.8742871284484863,3.719315528869629,3.8570680618286133,3.770972728729248,385700.0,2.699859380722046
2000-06-06,3.8398489952087402,3.770972728729248,3.770972728729248,3.805410861968994,283700.0,2.7245142459869385
2000-06-07,3.770972728729248,3.702096700668335,3.753753662109375,3.770972728729248,381700.0,2.699859380722046
2000-06-08,3.770972728729248,3.753753662109375,3.753753662109375,3.753753662109375,333600.0,2.687530755996704
2000-06-09,3.822629928588867,3.753753662109375,3.788191795349121,3.788191795349121,123600.0,2.712185859680176
2000-06-12,3.8398489952087402,3.6332204341888428,3.788191795349121,3.650439500808716,774500.0,2.61356258392334
2000-06-13,3.719315528869629,3.6160013675689697,3.6160013675689697,3.719315528869629,445300.0,2.662874460220337
2000-06-14,3.770972728729248,3.719315528869629,3.753753662109375,3.736534595489502,282100.0,2.6752026081085205
2000-06-15,3.719315528869629,3.6160013675689697,3.667658567428589,3.667658567428589,741200.0,2.6258904933929443
2000-06-16,3.805410861968994,3.667658567428589,3.702096700668335,3.788191795349121,830500.0,2.712185859680176
2000-06-19,3.805410861968994,3.719315528869629,3.788191795349121,3.788191795349121,270800.0,2.712185859680176
2000-06-20,3.788191795349121,3.667658567428589,3.788191795349121,3.684877634048462,445200.0,2.638218402862549
2000-06-21,3.770972728729248,3.684877634048462,3.770972728729248,3.719315528869629,786100.0,2.662874460220337
2000-06-22,3.736534595489502,3.650439500808716,3.736534595489502,3.650439500808716,392900.0,2.61356258392334
2000-06-23,3.650439500808716,3.5815632343292236,3.6332204341888428,3.6160013675689697,747200.0,2.5889060497283936
2000-06-26,3.719315528869629,3.650439500808716,3.650439500808716,3.684877634048462,321600.0,2.638218402862549
2000-06-27,3.8398489952087402,3.667658567428589,3.684877634048462,3.805410861968994,471600.0,2.7245142459869385
2000-06-28,3.822629928588867,3.770972728729248,3.805410861968994,3.770972728729248,398900.0,2.699859380722046
2000-06-29,3.9603824615478516,3.753753662109375,3.753753662109375,3.8570680618286133,682400.0,2.7614996433258057
2000-06-30,3.9948205947875977,3.736534595489502,3.9087252616882324,3.736534595489502,1820500.0,2.6752026081085205
2000-07-03,3.9431633949279785,3.788191795349121,3.788191795349121,3.9259443283081055,236400.0,2.8108115196228027
2000-07-05,4.080915927886963,3.9087252616882324,3.9431633949279785,4.06369686126709,1026800.0,2.9094369411468506
2000-07-06,4.149792194366455,4.080915927886963,4.080915927886963,4.132573127746582,870000.0,2.9587490558624268
2000-07-07,4.201448917388916,4.046477794647217,4.149792194366455,4.098134994506836,645600.0,2.9340925216674805
2000-07-10,4.132573127746582,3.8915061950683594,4.012039661407471,4.115354061126709,1103300.0,2.9464221000671387
2000-07-11,4.029258728027344,3.9259443283081055,3.9776015281677246,3.9603824615478516,533300.0,2.8354687690734863
2000-07-12,4.098134994506836,3.9603824615478516,3.9776015281677246,4.06369686126709,751700.0,2.9094369411468506
2000-07-13,4.06369686126709,3.8570680618286133,4.06369686126709,3.9259443283081055,888800.0,2.8108115196228027
2000-07-14,4.029258728027344,3.8915061950683594,3.9603824615478516,3.8915061950683594,394100.0,2.7861557006835938
2000-07-17,4.029258728027344,3.9259443283081055,3.9948205947875977,3.9603824615478516,415700.0,2.8354687690734863
2000-07-18,4.098134994506836,3.9431633949279785,3.9431633949279785,3.9948205947875977,542000.0,2.8601248264312744
2000-07-19,4.115354061126709,3.9948205947875977,4.012039661407471,4.098134994506836,310800.0,2.9340925216674805
2000-07-20,4.218667984008789,4.080915927886963,4.080915927886963,4.184230327606201,672500.0,2.995734214782715
2000-07-21,4.253106117248535,4.132573127746582,4.253106117248535,4.218667984008789,699600.0,3.0203897953033447
2000-07-24,4.253106117248535,4.080915927886963,4.235887050628662,4.115354061126709,730900.0,2.9464221000671387
2000-07-25,4.184230327606201,4.06369686126709,4.149792194366455,4.098134994506836,822000.0,2.9340925216674805
2000-07-26,4.304763317108154,4.080915927886963,4.080915927886963,4.287544250488281,847700.0,3.069704055786133
2000-07-27,4.3736395835876465,4.3392014503479,4.3736395835876465,4.3392014503479,628100.0,3.106686592102051
2000-07-28,4.356420516967773,4.201448917388916,4.356420516967773,4.218667984008789,878000.0,3.0203897953033447
2000-07-31,4.270325183868408,4.184230327606201,4.184230327606201,4.270325183868408,583700.0,3.0573740005493164
2000-08-01,4.3736395835876465,4.218667984008789,4.270325183868408,4.3736395835876465,328100.0,3.131343364715576
2000-08-02,4.3908586502075195,4.3392014503479,4.3392014503479,4.3736395835876465,376900.0,3.131343364715576
2000-08-03,4.476953983306885,4.321982383728027,4.3736395835876465,4.459734916687012,601300.0,3.1929845809936523
2000-08-04,4.528611183166504,4.442515850067139,4.459734916687012,4.528611183166504,466100.0,3.242295980453491
2000-08-07,5.010744571685791,4.56304931640625,4.597487449645996,5.010744571685791,1957200.0,3.58748459815979
2000-08-08,5.389564037322998,4.959087371826172,4.959087371826172,5.28624963760376,3180500.0,3.7847344875335693
2000-08-09,5.389564037322998,5.06240177154541,5.303468704223633,5.06240177154541,1516900.0,3.624467611312866
2000-08-10,5.06240177154541,4.855772972106934,5.06240177154541,4.959087371826172,674500.0,3.550499677658081
2000-08-11,5.234592437744141,4.993525505065918,4.993525505065918,5.234592437744141,858100.0,3.747749090194702
2000-08-14,5.28624963760376,5.131278038024902,5.217373371124268,5.165716171264648,484400.0,3.7268660068511963
2000-08-15,5.165716171264648,4.993525505065918,5.148497104644775,4.993525505065918,618500.0,3.6026363372802734
2000-08-16,5.027963638305664,4.924649238586426,5.027963638305664,4.993525505065918,478800.0,3.6026363372802734
2000-08-17,5.096839904785156,4.872992038726807,5.045182704925537,4.976306438446045,436400.0,3.5902152061462402
2000-08-18,4.976306438446045,4.804116249084473,4.959087371826172,4.855772972106934,618500.0,3.5032520294189453
2000-08-21,4.959087371826172,4.89021110534668,4.907430171966553,4.941868305206299,398900.0,3.565368175506592
2000-08-22,4.941868305206299,4.855772972106934,4.941868305206299,4.855772972106934,249200.0,3.5032520294189453
2000-08-23,4.89021110534668,4.7352399826049805,4.855772972106934,4.804116249084473,272900.0,3.4659860134124756
2000-08-24,4.89021110534668,4.666363716125488,4.872992038726807,4.700801849365234,769700.0,3.391447067260742
2000-08-25,4.7352399826049805,4.545830249786377,4.545830249786377,4.683582782745361,883300.0,3.379025459289551
2000-08-28,4.993525505065918,4.683582782745361,4.7524590492248535,4.993525505065918,918000.0,3.6026363372802734
2000-08-29,5.251811504364014,4.976306438446045,4.976306438446045,5.234592437744141,1173700.0,3.7765562534332275
2000-08-30,5.355125904083252,5.148497104644775,5.234592437744141,5.337906837463379,1394500.0,3.8510935306549072
2000-08-31,5.578973293304443,5.372344970703125,5.372344970703125,5.406783103942871,1812800.0,3.900787591934204
2000-09-01,5.510097026824951,5.372344970703125,5.510097026824951,5.441221237182617,940100.0,3.925632953643799
2000-09-05,5.424002170562744,5.303468704223633,5.303468704223633,5.389564037322998,489600.0,3.88836407661438
2000-09-06,5.492878437042236,5.406783103942871,5.406783103942871,5.475659370422363,310900.0,3.95047926902771
2000-09-07,5.6306304931640625,5.372344970703125,5.475659370422363,5.6306304931640625,1178900.0,4.062282562255859
2000-09-08,5.6306304931640625,5.510097026824951,5.6306304931640625,5.6134114265441895,1122500.0,4.049860954284668
2000-09-11,5.699506759643555,5.578973293304443,5.578973293304443,5.699506759643555,727300.0,4.111974716186523
2000-09-12,5.78560209274292,5.441221237182617,5.78560209274292,5.45844030380249,2106500.0,3.9380555152893066
2000-09-13,5.682287693023682,5.475659370422363,5.682287693023682,5.492878437042236,897200.0,3.9629015922546387
2000-09-14,5.743243217468262,5.5180182456970215,5.5180182456970215,5.6306304931640625,812400.0,4.062282562255859
2000-09-15,5.5180182456970215,5.292792797088623,5.442943096160889,5.3303303718566895,1611600.0,3.8456292152404785
2000-09-18,5.3303303718566895,4.879879951477051,5.3303303718566895,5.048798561096191,1326100.0,3.642514228820801
2000-09-19,5.105104923248291,4.842342376708984,5.105104923248291,4.93618631362915,960500.0,3.561267375946045
2000-09-20,5.067567348480225,4.879879951477051,4.917417526245117,4.954955101013184,946100.0,3.574810028076172
2000-09-21,4.954955101013184,4.692192077636719,4.954955101013184,4.93618631362915,966000.0,3.561267375946045
2000-09-22,4.842342376708984,4.6734232902526855,4.804804801940918,4.767267227172852,1099700.0,3.4393997192382812
2000-09-25,5.142642498016357,4.786036014556885,4.786036014556885,5.030030250549316,1581200.0,3.6289749145507812
2000-09-26,5.067567348480225,4.823573589324951,5.048798561096191,4.842342376708984,999600.0,3.493563175201416
2000-09-27,4.898648738861084,4.804804801940918,4.804804801940918,4.842342376708984,872000.0,3.493563175201416
2000-09-28,5.105104923248291,4.767267227172852,4.917417526245117,5.067567348480225,839300.0,3.656055450439453
2000-09-29,5.255255222320557,4.99249267578125,5.086336135864258,5.161411285400391,1074100.0,3.723759651184082
2000-10-02,5.255255222320557,4.917417526245117,5.255255222320557,5.011261463165283,699700.0,3.6154322624206543
2000-10-03,5.405405521392822,5.161411285400391,5.292792797088623,5.21771764755249,1852900.0,3.7643821239471436
2000-10-04,5.499249458312988,5.292792797088623,5.4241743087768555,5.442943096160889,966000.0,3.9268746376037598
2000-10-05,5.405405521392822,5.27402400970459,5.405405521392822,5.3303303718566895,1538900.0,3.8456292152404785
2000-10-06,5.480480670928955,5.349099159240723,5.349099159240723,5.349099159240723,1094500.0,3.859168767929077
2000-10-09,5.55555534362793,5.349099159240723,5.349099159240723,5.480480670928955,931200.0,3.953955888748169
2000-10-10,5.743243217468262,5.386636734008789,5.743243217468262,5.386636734008789,1768900.0,3.886251926422119
2000-10-11,5.367867946624756,5.180180072784424,5.180180072784424,5.236486434936523,997200.0,3.777923583984375
2000-10-12,5.27402400970459,4.898648738861084,5.27402400970459,4.973723888397217,774100.0,3.5883514881134033
2000-10-13,5.180180072784424,4.842342376708984,4.861111164093018,5.180180072784424,1003300.0,3.7373006343841553
2000-10-16,5.198948860168457,5.105104923248291,5.180180072784424,5.142642498016357,1155200.0,3.710219144821167
2000-10-17,5.161411285400391,4.99249267578125,5.105104923248291,5.048798561096191,562100.0,3.642514228820801
2000-10-18,4.954955101013184,4.5795793533325195,4.954955101013184,4.823573589324951,1135700.0,3.507786989212036
2000-10-19,5.142642498016357,4.823573589324951,4.823573589324951,4.954955101013184,732000.0,3.6033291816711426
2000-10-20,4.954955101013184,4.823573589324951,4.93618631362915,4.823573589324951,737300.0,3.507786989212036
2000-10-23,4.954955101013184,4.692192077636719,4.954955101013184,4.861111164093018,1042800.0,3.5350840091705322
2000-10-24,5.105104923248291,4.804804801940918,4.804804801940918,5.086336135864258,922400.0,3.6988720893859863
2000-10-25,5.067567348480225,4.917417526245117,5.067567348480225,5.011261463165283,566900.0,3.6442761421203613
2000-10-26,5.123873710632324,5.011261463165283,5.011261463165283,5.105104923248291,608000.0,3.7125210762023926
2000-10-27,5.255255222320557,5.030030250549316,5.030030250549316,5.236486434936523,763700.0,3.808063507080078
2000-10-30,5.442943096160889,5.123873710632324,5.142642498016357,5.349099159240723,695600.0,3.8899576663970947
2000-10-31,5.611861705780029,5.349099159240723,5.405405521392822,5.55555534362793,1003300.0,4.040095329284668
2000-11-01,5.686936855316162,5.480480670928955,5.611861705780029,5.480480670928955,1456400.0,3.9855003356933594
2000-11-02,5.855855941772461,5.55555534362793,5.6306304931640625,5.855855941772461,918100.0,4.258479595184326
2000-11-03,6.006006240844727,5.705705642700195,6.006006240844727,5.837087154388428,782500.0,4.244831562042236
2000-11-06,5.9121623039245605,5.780780792236328,5.893393516540527,5.837087154388428,822800.0,4.244831562042236
2000-11-07,5.930931091308594,5.705705642700195,5.8183183670043945,5.780780792236328,578400.0,4.203883647918701
2000-11-08,5.893393516540527,5.705705642700195,5.8183183670043945,5.7244744300842285,618800.0,4.162936687469482
2000-11-09,5.780780792236328,5.55555534362793,5.7244744300842285,5.780780792236328,424100.0,4.203883647918701
2000-11-10,5.930931091308594,5.55555534362793,5.8183183670043945,5.55555534362793,587600.0,4.040095329284668
2000-11-13,5.686936855316162,5.461711883544922,5.6306304931640625,5.55555534362793,966800.0,4.040095329284668
2000-11-14,5.686936855316162,5.5180182456970215,5.5180182456970215,5.593092918395996,2106500.0,4.067394733428955
2000-11-15,5.668168067932129,5.480480670928955,5.574324131011963,5.649399280548096,1744800.0,4.108340740203857
2000-11-16,5.780780792236328,5.5180182456970215,5.6306304931640625,5.5367865562438965,1370400.0,4.026448726654053
2000-11-17,5.780780792236328,5.6306304931640625,5.649399280548096,5.686936855316162,1692100.0,4.13563871383667
2000-11-20,5.705705642700195,5.405405521392822,5.705705642700195,5.593092918395996,1267700.0,4.067394733428955
2000-11-21,5.593092918395996,5.442943096160889,5.593092918395996,5.461711883544922,834500.0,3.971850872039795
2000-11-22,5.5180182456970215,5.4241743087768555,5.4241743087768555,5.499249458312988,751200.0,3.9991493225097656
2000-11-24,5.743243217468262,5.480480670928955,5.574324131011963,5.743243217468262,436100.0,4.176587104797363
2000-11-27,5.930931091308594,5.705705642700195,5.855855941772461,5.855855941772461,848500.0,4.258479595184326
2000-11-28,5.893393516540527,5.8183183670043945,5.837087154388428,5.8183183670043945,1236500.0,4.23118257522583
2000-11-29,5.987237453460693,5.743243217468262,5.762012004852295,5.799549579620361,1306800.0,4.217533111572266
2000-11-30,5.780780792236328,5.499249458312988,5.780780792236328,5.574324131011963,1466000.0,4.053744792938232
2000-12-01,5.686936855316162,5.499249458312988,5.611861705780029,5.649399280548096,864800.0,4.108340740203857
2000-12-04,5.7244744300842285,5.5367865562438965,5.7244744300842285,5.574324131011963,1443200.0,4.053744792938232
2000-12-05,6.024774551391602,5.6306304931640625,5.6306304931640625,6.024774551391602,2443200.0,4.381320953369141
2000-12-06,6.3063063621521,5.874624729156494,6.006006240844727,6.118618488311768,3231700.0,4.449565887451172
2000-12-07,6.737987995147705,6.268768787384033,6.325075149536133,6.662912845611572,4200800.0,4.845384120941162
2000-12-08,7.526276111602783,6.756756782531738,6.7755255699157715,7.357357501983643,5716100.0,5.350399017333984
2000-12-11,7.56381368637085,7.357357501983643,7.526276111602783,7.376126289367676,2964100.0,5.364048004150391
2000-12-12,7.376126289367676,7.0758256912231445,7.357357501983643,7.0758256912231445,1470500.0,5.145662307739258
2000-12-13,7.319819927215576,6.925675868988037,7.207207202911377,7.113363265991211,1333700.0,5.17296028137207
2000-12-14,7.188438415527344,6.606606483459473,7.132132053375244,6.700450420379639,1878800.0,4.872684478759766
2000-12-15,7.000750541687012,6.625375270843506,6.700450420379639,6.94444465637207,1550000.0,5.050119876861572
2000-12-18,7.319819927215576,7.057056903839111,7.1696696281433105,7.0758256912231445,1721300.0,5.145662307739258
2000-12-19,7.338588714599609,6.94444465637207,7.207207202911377,6.9632134437561035,1028000.0,5.063769817352295
2000-12-20,7.019519329071045,6.625375270843506,6.888138294219971,6.625375270843506,1279700.0,4.818088054656982
2000-12-21,6.662912845611572,6.381381511688232,6.475225448608398,6.53153133392334,1706000.0,4.749844074249268
2000-12-22,6.906907081604004,6.475225448608398,6.475225448608398,6.794294357299805,1001300.0,4.940927505493164
2000-12-26,7.263513565063477,6.813063144683838,6.850600719451904,7.22597599029541,1111700.0,5.254855155944824
2000-12-27,7.488738536834717,7.319819927215576,7.469969749450684,7.469969749450684,1766900.0,5.432290554046631
2000-12-28,7.807807922363281,7.451201438903809,7.469969749450684,7.751501560211182,1455200.0,5.637024402618408
2000-12-29,7.732732772827148,7.319819927215576,7.713963985443115,7.338588714599609,1220400.0,5.336749076843262
2001-01-02,7.807807922363281,7.432432651519775,7.807807922363281,7.638888835906982,3022800.0,5.555131912231445
2001-01-03,7.882883071899414,7.394895076751709,7.582582473754883,7.882883071899414,1902500.0,5.732571125030518
2001-01-04,8.108108520507812,7.957957744598389,7.995495319366455,8.014264106750488,3229200.0,5.828114032745361
2001-01-05,7.957957744598389,7.50750732421875,7.957957744598389,7.56381368637085,1931600.0,5.50053596496582
2001-01-08,7.56381368637085,7.207207202911377,7.56381368637085,7.244744777679443,2616100.0,5.268504619598389
2001-01-09,7.376126289367676,7.150900840759277,7.28228235244751,7.188438415527344,2150500.0,5.2275567054748535
2001-01-10,7.22597599029541,7.132132053375244,7.188438415527344,7.188438415527344,2202100.0,5.2275567054748535
2001-01-11,7.207207202911377,6.756756782531738,7.188438415527344,7.038288116455078,1518100.0,5.118365287780762
2001-01-12,7.188438415527344,6.737987995147705,7.188438415527344,6.925675868988037,2713300.0,5.036471366882324
2001-01-16,7.207207202911377,6.756756782531738,6.888138294219971,7.113363265991211,3002500.0,5.17296028137207
2001-01-17,7.301051139831543,7.057056903839111,7.188438415527344,7.057056903839111,2843300.0,5.132013320922852
2001-01-18,7.451201438903809,7.057056903839111,7.22597599029541,7.28228235244751,1723300.0,5.295803070068359
2001-01-19,7.488738536834717,6.569068908691406,7.357357501983643,6.5878376960754395,2874100.0,4.790790557861328
2001-01-22,6.606606483459473,6.231231212615967,6.606606483459473,6.362612724304199,2493700.0,4.6270012855529785
2001-01-23,7.038288116455078,6.418919086456299,6.437687873840332,6.9819817543029785,2421200.0,5.077419281005859
2001-01-24,7.376126289367676,6.8693695068359375,7.019519329071045,7.000750541687012,3052900.0,5.091067314147949
2001-01-25,7.657657623291016,7.000750541687012,7.019519329071045,7.28228235244751,2382000.0,5.295803070068359
2001-01-26,7.413663864135742,6.9632134437561035,7.244744777679443,6.9632134437561035,1338100.0,5.063769817352295
2001-01-29,6.906907081604004,6.606606483459473,6.696696758270264,6.606606483459473,2466000.0,4.804440021514893
2001-01-30,6.97597599029541,6.570570468902588,6.936936855316162,6.972972869873047,2432500.0,5.070868015289307
2001-01-31,7.28228235244751,6.95195198059082,7.087087154388428,7.066066265106201,1533600.0,5.1385674476623535
2001-02-01,7.204204082489014,6.831831932067871,6.831831932067871,7.147147178649902,767300.0,5.234532356262207
2001-02-02,7.28228235244751,7.021020889282227,7.207207202911377,7.063063144683838,702800.0,5.172947883605957
2001-02-05,7.324324131011963,6.909909725189209,6.909909725189209,7.267267227172852,1382500.0,5.322509288787842
2001-02-06,7.49249267578125,7.1891889572143555,7.297297477722168,7.462462425231934,1950100.0,5.46546745300293
2001-02-07,7.513513565063477,7.372372150421143,7.417417526245117,7.447447299957275,1204900.0,5.454471111297607
2001-02-08,7.537537574768066,7.135135173797607,7.477477550506592,7.1771769523620605,1056800.0,5.256526470184326
2001-02-09,7.297297477722168,6.840840816497803,7.297297477722168,6.906907081604004,1214000.0,5.058581352233887
2001-02-12,7.132132053375244,6.606606483459473,6.666666507720947,7.081080913543701,2192500.0,5.186146259307861
2001-02-13,7.381381511688232,7.081080913543701,7.117116928100586,7.255255222320557,1380500.0,5.313709259033203
2001-02-14,7.402402400970459,7.192192077636719,7.357357501983643,7.345345497131348,927600.0,5.379691123962402
2001-02-15,7.582582473754883,7.345345497131348,7.345345497131348,7.357357501983643,1484000.0,5.388489723205566
2001-02-16,7.426426410675049,7.1741743087768555,7.387387275695801,7.363363265991211,996000.0,5.392889022827148
2001-02-20,7.192192077636719,6.924924850463867,7.102102279663086,6.942943096160889,1460400.0,5.08497428894043
2001-02-21,7.144144058227539,6.906907081604004,6.948948860168457,6.95195198059082,1454000.0,5.0915727615356445
2001-02-22,6.960960865020752,6.582582473754883,6.95195198059082,6.594594478607178,1190500.0,4.8298468589782715
2001-02-23,6.6696696281433105,6.156156063079834,6.600600719451904,6.6696696281433105,2092900.0,4.884829044342041
2001-02-26,7.0,6.7867865562438965,7.0,6.921921730041504,1198900.0,5.069579124450684
2001-02-27,6.912912845611572,6.711711883544922,6.912912845611572,6.71771764755249,1432900.0,4.9200215339660645
2001-02-28,6.891891956329346,6.7207207679748535,6.792792797088623,6.846847057342529,1080000.0,5.01459264755249
2001-03-01,6.846847057342529,6.49249267578125,6.606606483459473,6.846847057342529,1024800.0,5.01459264755249
2001-03-02,7.04804801940918,6.612612724304199,6.636636734008789,6.840840816497803,1242500.0,5.010195732116699
2001-03-05,6.9819817543029785,6.76576566696167,6.882883071899414,6.7867865562438965,982900.0,4.970605373382568
2001-03-06,7.027027130126953,6.846847057342529,6.936936855316162,6.933933734893799,1124400.0,5.078376770019531
2001-03-07,7.133333206176758,6.916666507720947,7.0,7.113333225250244,1244500.0,5.2097673416137695
2001-03-08,7.316666603088379,7.099999904632568,7.166666507720947,7.226666450500488,1260000.0,5.292771339416504
2001-03-09,7.166666507720947,6.849999904632568,7.150000095367432,6.996666431427002,638500.0,5.124321460723877
2001-03-12,7.079999923706055,6.699999809265137,7.079999923706055,6.730000019073486,516500.0,4.929018497467041
2001-03-13,6.833333492279053,6.416666507720947,6.730000019073486,6.616666793823242,792100.0,4.846013069152832
2001-03-14,6.513333320617676,6.233333110809326,6.416666507720947,6.266666889190674,697700.0,4.589672565460205
2001-03-15,6.449999809265137,6.25,6.449999809265137,6.300000190734863,742900.0,4.614085674285889
2001-03-16,6.300000190734863,5.9666666984558105,6.300000190734863,6.056666851043701,1256000.0,4.4358696937561035
2001-03-19,6.449999809265137,6.139999866485596,6.25,6.433333396911621,1316400.0,4.711740970611572
2001-03-20,6.883333206176758,6.433333396911621,6.516666889190674,6.8433332443237305,2566900.0,5.012021064758301
2001-03-21,7.066666603088379,6.829999923706055,6.829999923706055,6.869999885559082,1778900.0,5.031551361083984
2001-03-22,6.949999809265137,6.4666666984558105,6.849999904632568,6.646666526794434,1045200.0,4.867983818054199
2001-03-23,6.933333396911621,6.666666507720947,6.726666450500488,6.926666736602783,1077600.0,5.073053359985352
2001-03-26,7.079999923706055,6.793333530426025,6.929999828338623,6.87333345413208,1635200.0,5.03399133682251
2001-03-27,7.066666603088379,6.766666889190674,7.050000190734863,6.983333110809326,1132100.0,5.114555835723877
2001-03-28,7.083333492279053,6.8433332443237305,6.983333110809326,7.063333511352539,934900.0,5.173150062561035
2001-03-29,7.349999904632568,6.900000095367432,6.929999828338623,7.2866668701171875,1622400.0,5.33671760559082
2001-03-30,7.393333435058594,6.986666679382324,7.353333473205566,7.050000190734863,1984900.0,5.163382053375244
2001-04-02,7.066666603088379,6.766666889190674,6.866666793823242,6.826666831970215,1358400.0,4.999813556671143
2001-04-03,6.909999847412109,6.75,6.909999847412109,6.833333492279053,1262900.0,5.004696846008301
2001-04-04,6.9633331298828125,6.733333110809326,6.793333530426025,6.823333263397217,616800.0,4.997371673583984
2001-04-05,7.083333492279053,6.826666831970215,6.826666831970215,7.063333511352539,1134000.0,5.173150062561035
2001-04-06,7.2833333015441895,6.673333168029785,7.130000114440918,6.849999904632568,1365700.0,5.016903400421143
2001-04-09,6.983333110809326,6.816666603088379,6.853333473205566,6.900000095367432,1162800.0,5.053523540496826
2001-04-10,7.266666889190674,6.953333377838135,7.0,7.173333168029785,1112900.0,5.253711700439453
2001-04-11,7.333333492279053,6.949999809265137,7.176666736602783,6.949999809265137,908400.0,5.090142250061035
2001-04-12,7.300000190734863,6.980000019073486,7.2833333015441895,7.173333168029785,1008800.0,5.253711700439453
2001-04-16,7.326666831970215,7.166666507720947,7.170000076293945,7.2166666984558105,1123700.0,5.285449028015137
2001-04-17,7.25,7.0,7.21999979019165,7.119999885559082,701300.0,5.214648723602295
2001-04-18,7.166666507720947,6.583333492279053,7.0,6.833333492279053,5329200.0,5.004696846008301
2001-04-19,7.276666641235352,6.836666584014893,6.836666584014893,7.0933332443237305,1891300.0,5.195120334625244
2001-04-20,7.150000095367432,6.920000076293945,7.0933332443237305,6.940000057220459,1821200.0,5.082818984985352
2001-04-23,7.056666851043701,6.833333492279053,6.989999771118164,7.0,1155700.0,5.126765251159668
2001-04-24,7.449999809265137,7.003333568572998,7.003333568572998,7.413333415985107,1536500.0,5.4294867515563965
2001-04-25,7.9633331298828125,7.269999980926514,7.416666507720947,7.869999885559082,3866500.0,5.763946533203125
2001-04-26,8.566666603088379,8.083333015441895,8.566666603088379,8.203332901000977,3119300.0,6.008078575134277
2001-04-27,8.416666984558105,8.119999885559082,8.366666793823242,8.383333206176758,1763600.0,6.139909744262695
2001-04-30,8.66333293914795,7.946666717529297,8.65999984741211,8.073333740234375,2565200.0,5.912866592407227
2001-05-01,8.133333206176758,7.666666507720947,8.083333015441895,8.033333778381348,1622900.0,5.883571147918701
2001-05-02,8.25,7.75,8.166666984558105,7.929999828338623,1328900.0,5.807890892028809
2001-05-03,7.929999828338623,7.25,7.929999828338623,7.400000095367432,8994500.0,5.41972017288208
2001-05-04,7.516666889190674,7.0333333015441895,7.383333206176758,7.5,5515300.0,5.530400276184082
2001-05-07,7.833333492279053,7.663333415985107,7.666666507720947,7.75,4332500.0,5.714747905731201
2001-05-08,7.900000095367432,7.706666469573975,7.886666774749756,7.826666831970215,1551600.0,5.771283149719238
2001-05-09,7.863333225250244,7.6566667556762695,7.796666622161865,7.853333473205566,953300.0,5.790946960449219
2001-05-10,7.996666431427002,7.833333492279053,7.833333492279053,7.986666679382324,1032100.0,5.88926362991333
2001-05-11,7.916666507720947,7.566666603088379,7.800000190734863,7.659999847412109,1292500.0,5.648382663726807
2001-05-14,7.599999904632568,6.900000095367432,7.599999904632568,7.440000057220459,2670000.0,5.486157417297363
2001-05-15,7.666666507720947,7.366666793823242,7.666666507720947,7.5333333015441895,1847600.0,5.554981231689453
2001-05-16,7.550000190734863,7.086666584014893,7.4066667556762695,7.416666507720947,2746400.0,5.468954086303711
2001-05-17,7.550000190734863,7.293333530426025,7.420000076293945,7.416666507720947,1890500.0,5.468954086303711
2001-05-18,7.633333206176758,7.413333415985107,7.416666507720947,7.556666851043701,1163300.0,5.572189807891846
2001-05-21,7.650000095367432,7.236666679382324,7.543333530426025,7.416666507720947,2156400.0,5.468954086303711
2001-05-22,7.5,7.190000057220459,7.413333415985107,7.416666507720947,1238000.0,5.468954086303711
2001-05-23,7.383333206176758,7.110000133514404,7.383333206176758,7.2166666984558105,993200.0,5.321476459503174
2001-05-24,7.440000057220459,6.933333396911621,7.25,7.083333492279053,2476400.0,5.22315788269043
2001-05-25,7.016666889190674,6.869999885559082,7.016666889190674,6.993333339691162,1725600.0,5.156792163848877
2001-05-29,6.7833333015441895,6.416666507720947,6.416666507720947,6.756666660308838,2391200.0,4.9822773933410645
2001-05-30,6.860000133514404,6.666666507720947,6.806666851043701,6.763333320617676,2109200.0,4.987194061279297
2001-05-31,6.916666507720947,6.7833333015441895,6.7833333015441895,6.87333345413208,3321700.0,5.068305015563965
2001-06-01,7.4666666984558105,6.829999923706055,6.916666507720947,7.266666889190674,2925700.0,5.358344078063965
2001-06-04,7.340000152587891,7.2166666984558105,7.2166666984558105,7.316666603088379,1043300.0,5.395213603973389
2001-06-05,7.380000114440918,7.0333333015441895,7.360000133514404,7.170000076293945,2062800.0,5.287065505981445
2001-06-06,7.2166666984558105,7.133333206176758,7.2166666984558105,7.163333415985107,1826500.0,5.282149791717529
2001-06-07,7.4666666984558105,7.136666774749756,7.159999847412109,7.326666831970215,1284500.0,5.402587413787842
2001-06-08,7.460000038146973,7.210000038146973,7.2833333015441895,7.340000152587891,799700.0,5.412420749664307
2001-06-11,7.340000152587891,6.956666469573975,7.333333492279053,7.010000228881836,1414900.0,5.169083118438721
2001-06-12,7.266666889190674,6.916666507720947,7.166666507720947,7.203333377838135,1620800.0,5.311643600463867
2001-06-13,7.28000020980835,7.0966668128967285,7.273333549499512,7.103333473205566,643300.0,5.237903118133545
2001-06-14,7.099999904632568,6.833333492279053,7.070000171661377,6.913333415985107,1240800.0,5.097801685333252
2001-06-15,7.0933332443237305,6.806666851043701,6.883333206176758,6.853333473205566,979200.0,5.053558826446533
2001-06-18,6.993333339691162,6.893333435058594,6.893333435058594,6.993333339691162,1018800.0,5.156792163848877
2001-06-19,7.269999980926514,6.933333396911621,7.2166666984558105,6.973333358764648,1026100.0,5.142045974731445
2001-06-20,7.599999904632568,7.170000076293945,7.25,7.579999923706055,2080100.0,5.58939266204834
2001-06-21,7.949999809265137,7.493333339691162,7.539999961853027,7.8433332443237305,1685600.0,5.783569812774658
2001-06-22,7.869999885559082,7.583333492279053,7.833333492279053,7.666666507720947,2317200.0,5.65330171585083
2001-06-25,8.050000190734863,7.766666889190674,8.0,7.766666889190674,2112800.0,5.727039813995361
2001-06-26,7.916666507720947,7.766666889190674,7.769999980926514,7.849999904632568,1519200.0,5.788487434387207
2001-06-27,8.066666603088379,7.7833333015441895,7.849999904632568,7.816666603088379,1275600.0,5.763909339904785
2001-06-28,8.00333309173584,7.816666603088379,7.833333492279053,7.949999809265137,1232500.0,5.8622260093688965
2001-06-29,8.083333015441895,7.566666603088379,7.933333396911621,7.566666603088379,3749300.0,5.579562187194824
2001-07-02,8.15999984741211,7.766666889190674,7.766666889190674,8.15999984741211,1532400.0,6.0170793533325195
2001-07-03,8.416666984558105,8.133333206176758,8.15999984741211,8.416666984558105,1397300.0,6.206340312957764
2001-07-05,8.416666984558105,7.940000057220459,8.416666984558105,8.010000228881836,972500.0,5.906469821929932
2001-07-06,8.063333511352539,7.826666831970215,8.010000228881836,7.993333339691162,659300.0,5.8941802978515625
2001-07-09,8.273333549499512,7.983333110809326,7.993333339691162,8.196666717529297,2374400.0,6.0441155433654785
2001-07-10,8.49666690826416,8.199999809265137,8.266666412353516,8.483333587646484,2762900.0,6.255498886108398
2001-07-11,8.59666633605957,8.296667098999023,8.449999809265137,8.5600004196167,2908400.0,6.312032222747803
2001-07-12,9.083333015441895,8.643333435058594,8.646666526794434,8.933333396911621,4302500.0,6.5873212814331055
2001-07-13,8.986666679382324,8.716666221618652,8.933333396911621,8.743332862854004,2047700.0,6.447219371795654
2001-07-16,8.99666690826416,8.743332862854004,8.783333778381348,8.776666641235352,1721600.0,6.471800804138184
2001-07-17,8.983333587646484,8.720000267028809,8.770000457763672,8.886666297912598,2223600.0,6.552912712097168
2001-07-18,9.323333740234375,8.783333778381348,8.783333778381348,9.283333778381348,3290900.0,6.845409393310547
2001-07-19,10.0,9.699999809265137,9.893333435058594,9.926666259765625,8285600.0,7.31979513168335
2001-07-20,9.926666259765625,9.333333015441895,9.926666259765625,9.493332862854004,2035300.0,7.000258445739746
2001-07-23,9.833333015441895,9.25,9.529999732971191,9.369999885559082,3276500.0,6.909314155578613
2001-07-24,9.449999809265137,8.949999809265137,9.373332977294922,8.949999809265137,3560400.0,6.599614143371582
2001-07-25,9.286666870117188,8.90333366394043,8.966666221618652,9.166666984558105,3775300.0,6.759379863739014
2001-07-26,9.216666221618652,8.726666450500488,9.166666984558105,9.0,2707700.0,6.6364850997924805
2001-07-27,9.196666717529297,8.953332901000977,9.033333778381348,9.079999923706055,916900.0,6.695474147796631
2001-07-30,9.083333015441895,8.899999618530273,9.046667098999023,8.899999618530273,2361200.0,6.562742233276367
2001-07-31,9.34000015258789,8.899999618530273,8.933333396911621,9.183333396911621,2175700.0,6.771671295166016
2001-08-01,9.583333015441895,9.133333206176758,9.333333015441895,9.239999771118164,1364900.0,6.8134541511535645
2001-08-02,9.239999771118164,8.883333206176758,9.239999771118164,9.013333320617676,1393200.0,6.646311283111572
2001-08-03,9.050000190734863,8.800000190734863,9.013333320617676,8.806666374206543,1556900.0,6.493920803070068
2001-08-06,8.789999961853027,8.233333587646484,8.789999961853027,8.373332977294922,2794100.0,6.209713459014893
2001-08-07,8.366666793823242,7.816666603088379,8.289999961853027,8.0,4111300.0,5.9328460693359375
2001-08-08,8.4399995803833,7.933333396911621,7.9666666984558105,7.9666666984558105,2059300.0,5.9081268310546875
2001-08-09,8.293333053588867,7.9666666984558105,8.25,8.123332977294922,1430000.0,6.02431058883667
2001-08-10,8.166666984558105,7.900000095367432,8.15666675567627,8.063333511352539,1923700.0,5.979813098907471
2001-08-13,7.900000095367432,7.400000095367432,7.833333492279053,7.766666889190674,6837600.0,5.759806156158447
2001-08-14,7.943333148956299,7.766666889190674,7.766666889190674,7.866666793823242,2402000.0,5.833965301513672
2001-08-15,8.0,7.813333511352539,7.866666793823242,7.909999847412109,1610400.0,5.866101264953613
2001-08-16,8.16333293914795,7.829999923706055,8.0,8.083333015441895,1564800.0,5.994648456573486
2001-08-17,8.046667098999023,7.833333492279053,8.0,7.956666469573975,804800.0,5.900709629058838
2001-08-20,8.0,7.816666603088379,8.0,7.836666584014893,1146500.0,5.811717510223389
2001-08-21,8.116666793823242,7.7833333015441895,7.883333206176758,7.826666831970215,1426900.0,5.80430269241333
2001-08-22,7.816666603088379,7.4666666984558105,7.816666603088379,7.510000228881836,1967600.0,5.569460391998291
2001-08-23,8.00333309173584,7.5,7.599999904632568,7.800000190734863,1514900.0,5.7845258712768555
2001-08-24,8.15666675567627,7.703333377838135,7.796666622161865,8.133333206176758,1123200.0,6.031728267669678
2001-08-27,8.183333396911621,8.00333309173584,8.133333206176758,8.069999694824219,1558900.0,5.984757423400879
2001-08-28,8.166666984558105,7.936666488647461,8.066666603088379,7.973333358764648,1415600.0,5.913071155548096
2001-08-29,8.363333702087402,7.933333396911621,7.9666666984558105,8.166666984558105,1969700.0,6.056448936462402
2001-08-30,8.390000343322754,8.113333702087402,8.130000114440918,8.34666633605957,1639700.0,6.189937114715576
2001-08-31,8.550000190734863,8.236666679382324,8.359999656677246,8.41333293914795,793700.0,6.239377498626709
2001-09-04,8.766666412353516,8.229999542236328,8.600000381469727,8.670000076293945,1636900.0,6.429723262786865
2001-09-05,8.666666984558105,8.283333778381348,8.58666706085205,8.333333015441895,1309200.0,6.180051326751709
2001-09-06,8.333333015441895,8.0,8.266666412353516,8.199999809265137,1412000.0,6.081167221069336
2001-09-07,8.116666793823242,7.683333396911621,8.116666793823242,7.816666603088379,2081300.0,5.796886920928955
2001-09-10,7.893333435058594,7.426666736602783,7.5,7.590000152587891,1718900.0,5.628787517547607
2001-09-17,7.323333263397217,6.87333345413208,7.0,6.883333206176758,3161300.0,5.104720115661621
2001-09-18,7.190000057220459,6.883333206176758,6.883333206176758,7.076666831970215,2054500.0,5.2480998039245605
2001-09-19,7.37666654586792,6.699999809265137,7.066666603088379,6.763333320617676,2481700.0,5.015727996826172
2001-09-20,6.683333396911621,6.083333492279053,6.679999828338623,6.28000020980835,3114500.0,4.657285690307617
2001-09-21,6.5,5.833333492279053,6.066666603088379,6.5,2743300.0,4.820438385009766
2001-09-24,6.816666603088379,6.5,6.5,6.703333377838135,1891300.0,4.971230983734131
2001-09-25,7.0,6.516666889190674,6.696666717529297,6.796666622161865,1368800.0,5.040448188781738
2001-09-26,6.886666774749756,6.599999904632568,6.886666774749756,6.733333110809326,695300.0,4.993478298187256
2001-09-27,6.883333206176758,6.393333435058594,6.599999904632568,6.863333225250244,968400.0,5.089889049530029
2001-09-28,7.166666507720947,6.78000020980835,6.916666507720947,6.953333377838135,1890000.0,5.156632423400879
2001-10-01,6.949999809265137,6.62333345413208,6.869999885559082,6.793333530426025,1178000.0,5.03797721862793
2001-10-02,7.0933332443237305,6.7833333015441895,6.7833333015441895,6.983333110809326,913700.0,5.1788811683654785
2001-10-03,7.550000190734863,6.916666507720947,6.933333396911621,7.456666469573975,1862400.0,5.529910564422607
2001-10-04,7.586666584014893,7.150000095367432,7.489999771118164,7.293333530426025,957200.0,5.408777713775635
2001-10-05,7.349999904632568,7.099999904632568,7.2833333015441895,7.150000095367432,1022900.0,5.302480220794678
2001-10-08,7.246666431427002,7.0,7.0,7.1533331871032715,1155200.0,5.304953575134277
2001-10-09,7.300000190734863,7.039999961853027,7.150000095367432,7.206666469573975,495700.0,5.34450626373291
2001-10-10,7.866666793823242,7.133333206176758,7.133333206176758,7.866666793823242,2904800.0,5.833965301513672
2001-10-11,8.149999618530273,7.840000152587891,7.840000152587891,8.149999618530273,2487700.0,6.08282470703125
2001-10-12,8.41333293914795,8.013333320617676,8.133333206176758,8.130000114440918,3907200.0,6.067901134490967
2001-10-15,8.0,7.610000133514404,7.866666793823242,7.849999904632568,1206800.0,5.858917236328125
2001-10-16,8.0,7.559999942779541,7.853333473205566,7.613333225250244,1239600.0,5.682279586791992
2001-10-17,7.816666603088379,7.2833333015441895,7.75,7.333333492279053,2928800.0,5.473299980163574
2001-10-18,7.349999904632568,6.940000057220459,7.333333492279053,7.099999904632568,1735700.0,5.299150466918945
2001-10-19,7.099999904632568,6.836666584014893,6.9666666984558105,7.023333549499512,1660800.0,5.241928577423096
2001-10-22,7.0366668701171875,6.849999904632568,6.9666666984558105,7.0333333015441895,1482000.0,5.249392032623291
2001-10-23,6.983333110809326,6.766666889190674,6.9666666984558105,6.796666622161865,4357200.0,5.072755813598633
2001-10-24,7.0,6.7166666984558105,6.766666889190674,6.986666679382324,1649600.0,5.214562892913818
2001-10-25,7.099999904632568,6.800000190734863,6.916666507720947,7.03000020980835,1315200.0,5.246903419494629
2001-10-26,7.766666889190674,7.0,7.019999980926514,7.616666793823242,2572400.0,5.684769153594971
2001-10-29,7.550000190734863,7.119999885559082,7.53000020980835,7.12333345413208,2149200.0,5.31656551361084
2001-10-30,7.159999847412109,6.840000152587891,7.159999847412109,6.866666793823242,1593700.0,5.124999523162842
2001-10-31,7.489999771118164,6.933333396911621,6.933333396911621,7.449999809265137,1691600.0,5.560374736785889
2001-11-01,7.813333511352539,7.340000152587891,7.5,7.793333530426025,2863300.0,5.81662654876709
2001-11-02,7.816666603088379,7.566666603088379,7.793333530426025,7.616666793823242,1435700.0,5.684769153594971
2001-11-05,7.849999904632568,7.62666654586792,7.633333206176758,7.833333492279053,2024000.0,5.846481800079346
2001-11-06,7.883333206176758,7.616666793823242,7.800000190734863,7.883333206176758,961200.0,5.883799076080322
2001-11-07,8.296667098999023,7.809999942779541,7.809999942779541,8.266666412353516,1869200.0,6.169900417327881
2001-11-08,8.50333309173584,8.00333309173584,8.300000190734863,8.063333511352539,1640000.0,6.01814079284668
2001-11-09,8.033333778381348,7.800000190734863,8.029999732971191,7.923333168029785,646800.0,5.913652420043945
2001-11-12,8.25,7.789999961853027,7.9666666984558105,8.229999542236328,1318800.0,6.142533779144287
2001-11-13,8.65999984741211,8.296667098999023,8.329999923706055,8.579999923706055,1755700.0,6.40376091003418
2001-11-14,8.823333740234375,8.460000038146973,8.800000190734863,8.673333168029785,2325700.0,6.473421096801758
2001-11-15,8.550000190734863,8.1899995803833,8.546667098999023,8.236666679382324,2281300.0,6.147511005401611
2001-11-16,8.393333435058594,8.066666603088379,8.233333587646484,8.34000015258789,1414800.0,6.224632263183594
2001-11-19,8.533333778381348,7.949999809265137,8.533333778381348,8.430000305175781,1662000.0,6.291810035705566
2001-11-20,8.319999694824219,8.0,8.316666603088379,8.0,1449700.0,5.97087287902832
2001-11-21,8.283333778381348,7.853333473205566,8.0,8.206666946411133,1722500.0,6.125120639801025
2001-11-23,8.483333587646484,8.133333206176758,8.133333206176758,8.420000076293945,452400.0,6.284342288970947
2001-11-26,8.579999923706055,8.333333015441895,8.420000076293945,8.449999809265137,1849300.0,6.306733131408691
2001-11-27,8.533333778381348,8.15666675567627,8.453332901000977,8.470000267028809,1948400.0,6.321664810180664
2001-11-28,8.550000190734863,8.333333015441895,8.333333015441895,8.460000038146973,1516800.0,6.314198970794678
2001-11-29,8.766666412353516,8.333333015441895,8.426666259765625,8.670000076293945,1754400.0,6.470934867858887
2001-11-30,9.516666412353516,8.90999984741211,8.90999984741211,9.34000015258789,6355700.0,6.970988750457764
2001-12-03,9.646666526794434,9.203332901000977,9.256667137145996,9.433333396911621,3270800.0,7.040652751922607
2001-12-04,9.75,9.333333015441895,9.430000305175781,9.6899995803833,2946000.0,7.23222017288208
2001-12-05,10.356666564941406,9.850000381469727,9.850000381469727,10.260000228881836,6334800.0,7.657644748687744
2001-12-06,10.333333015441895,10.149999618530273,10.263333320617676,10.173333168029785,3022400.0,7.59295654296875
2001-12-07,10.366666793823242,10.133333206176758,10.170000076293945,10.263333320617676,2902400.0,7.660130977630615
2001-12-10,10.263333320617676,9.920000076293945,10.263333320617676,10.076666831970215,1988400.0,7.520812034606934
2001-12-11,10.176666259765625,9.986666679382324,10.033333778381348,10.023333549499512,1542000.0,7.481005668640137
2001-12-12,10.850000381469727,10.199999809265137,10.350000381469727,10.706666946411133,4349300.0,7.99101448059082
2001-12-13,11.083333015441895,10.426666259765625,10.706666946411133,10.670000076293945,4808000.0,7.963651657104492
2001-12-14,10.99666690826416,10.516666412353516,10.670000076293945,10.553333282470703,4110800.0,7.87657356262207
2001-12-17,10.949999809265137,10.506667137145996,10.550000190734863,10.696666717529297,3328800.0,7.983558177947998
2001-12-18,11.166666984558105,10.616666793823242,10.99666690826416,10.726666450500488,3992500.0,8.005941390991211
2001-12-19,11.083333015441895,10.666666984558105,10.666666984558105,10.989999771118164,3297700.0,8.202485084533691
2001-12-20,11.140000343322754,10.699999809265137,10.989999771118164,10.803333282470703,1747700.0,8.063165664672852
2001-12-21,10.829999923706055,10.5,10.776666641235352,10.699999809265137,1900800.0,7.9860405921936035
2001-12-24,10.949999809265137,10.636666297912598,10.666666984558105,10.949999809265137,1008000.0,8.172632217407227
2001-12-26,11.15999984741211,10.949999809265137,10.949999809265137,11.069999694824219,1416000.0,8.262197494506836
2001-12-27,11.113333702087402,10.866666793823242,11.069999694824219,11.043333053588867,1244500.0,8.242291450500488
2001-12-28,11.149999618530273,10.90333366394043,11.043333053588867,11.016666412353516,1328000.0,8.222389221191406
2001-12-31,11.083333015441895,10.766666412353516,11.020000457763672,10.819999694824219,1464000.0,8.075607299804688
2002-01-02,10.899999618530273,10.533333778381348,10.736666679382324,10.83666706085205,2056100.0,8.088045120239258
2002-01-03,10.963333129882812,10.483333587646484,10.800000190734863,10.723333358764648,1878000.0,8.003459930419922
2002-01-04,10.863333702087402,10.33666706085205,10.723333358764648,10.703332901000977,2420900.0,7.988531112670898
2002-01-07,10.766666412353516,10.566666603088379,10.733333587646484,10.603333473205566,2128800.0,7.9138946533203125
2002-01-08,10.666666984558105,10.303333282470703,10.666666984558105,10.606666564941406,2538500.0,7.916383266448975
2002-01-09,11.066666603088379,10.666666984558105,10.859999656677246,10.720000267028809,2788400.0,8.00097370147705
2002-01-10,10.899999618530273,10.383333206176758,10.896666526794434,10.49666690826416,1576900.0,7.834278583526611
2002-01-11,10.5,9.916666984558105,10.463333129882812,10.180000305175781,4112500.0,7.597936153411865
2002-01-14,10.333333015441895,10.010000228881836,10.333333015441895,10.193333625793457,1859600.0,7.6078877449035645
2002-01-15,10.366666793823242,10.133333206176758,10.146666526794434,10.34333324432373,2011200.0,7.719841003417969
2002-01-16,10.396666526794434,10.140000343322754,10.329999923706055,10.176666259765625,824900.0,7.59544563293457
2002-01-17,10.49666690826416,10.193333625793457,10.193333625793457,10.483333587646484,1280900.0,7.824330806732178
2002-01-18,10.430000305175781,10.316666603088379,10.333333015441895,10.40666675567627,939700.0,7.767110824584961
2002-01-22,10.859999656677246,10.583333015441895,10.633333206176758,10.676666259765625,3033700.0,7.968628883361816
2002-01-23,11.15333366394043,10.533333778381348,10.863333702087402,11.15333366394043,4436900.0,8.324393272399902
2002-01-24,11.75,11.366666793823242,11.366666793823242,11.699999809265137,4860000.0,8.732399940490723
2002-01-25,11.930000305175781,11.666666984558105,11.720000267028809,11.83666706085205,3458400.0,8.834402084350586
2002-01-28,12.296667098999023,11.760000228881836,12.0,12.203332901000977,4695700.0,9.108071327209473
2002-01-29,12.483333587646484,12.083333015441895,12.286666870117188,12.483333587646484,4860800.0,9.317049026489258
2002-01-30,12.529999732971191,12.133333206176758,12.529999732971191,12.416666984558105,5988500.0,9.267291069030762
2002-01-31,12.600000381469727,12.356666564941406,12.5,12.479999542236328,3790800.0,9.31456184387207
2002-02-01,12.493332862854004,12.00333309173584,12.489999771118164,12.206666946411133,3724100.0,9.154566764831543
2002-02-04,12.66333293914795,12.300000190734863,12.316666603088379,12.50333309173584,4642900.0,9.377058982849121
2002-02-05,12.416666984558105,11.930000305175781,12.33666706085205,12.326666831970215,4127600.0,9.244563102722168
2002-02-06,12.466666221618652,11.953332901000977,12.433333396911621,12.08666706085205,3965300.0,9.064573287963867
2002-02-07,12.180000305175781,11.916666984558105,11.920000076293945,11.979999542236328,3267200.0,8.984578132629395
2002-02-08,12.199999809265137,11.800000190734863,11.979999542236328,12.006667137145996,10214900.0,9.004575729370117
2002-02-11,12.140000343322754,11.916666984558105,12.006667137145996,12.08666706085205,2852500.0,9.064573287963867
2002-02-12,12.266666412353516,11.986666679382324,12.08666706085205,12.16333293914795,2664000.0,9.122071266174316
2002-02-13,12.416666984558105,12.066666603088379,12.329999923706055,12.203332901000977,1831300.0,9.152070045471191
2002-02-14,12.569999694824219,12.283333778381348,12.333333015441895,12.449999809265137,3124100.0,9.337057113647461
2002-02-15,12.529999732971191,12.116666793823242,12.466666221618652,12.233333587646484,4518500.0,9.174569129943848
2002-02-19,12.493332862854004,12.123332977294922,12.300000190734863,12.323333740234375,2778500.0,9.242064476013184
2002-02-20,12.430000305175781,11.75333309173584,12.323333740234375,12.100000381469727,3546100.0,9.074575424194336
2002-02-21,12.473333358764648,11.899999618530273,12.103333473205566,12.333333015441895,8706800.0,9.249565124511719
2002-02-22,12.333333015441895,11.91333293914795,12.329999923706055,12.103333473205566,5439700.0,9.077075004577637
2002-02-25,12.460000038146973,12.183333396911621,12.183333396911621,12.446666717529297,4197700.0,9.334561347961426
2002-02-26,13.333333015441895,12.550000190734863,12.583333015441895,13.0600004196167,6480000.0,9.794540405273438
2002-02-27,13.350000381469727,12.59666633605957,13.333333015441895,13.170000076293945,5744400.0,9.877033233642578
2002-02-28,13.460000038146973,13.140000343322754,13.183333396911621,13.300000190734863,4866500.0,9.974532127380371
2002-03-01,13.526666641235352,13.146666526794434,13.303333282470703,13.526666641235352,3326000.0,10.144523620605469
2002-03-04,14.270000457763672,13.59666633605957,13.733333587646484,13.923333168029785,5031600.0,10.442009925842285
2002-03-05,13.883333206176758,13.600000381469727,13.666666984558105,13.646666526794434,5832800.0,10.234519004821777
2002-03-06,14.233333587646484,13.506667137145996,13.533333778381348,14.116666793823242,4156400.0,10.587000846862793
2002-03-07,14.33666706085205,13.84666633605957,14.316666603088379,14.033333778381348,5550500.0,10.524505615234375
2002-03-08,14.329999923706055,13.716666221618652,14.199999809265137,13.966666221618652,5216000.0,10.474509239196777
2002-03-11,14.266666412353516,13.713333129882812,13.833333015441895,14.083333015441895,3438800.0,10.562004089355469
2002-03-12,14.466666221618652,13.933333396911621,14.08666706085205,14.366666793823242,3858000.0,10.774494171142578
2002-03-13,14.583333015441895,14.226666450500488,14.383333206176758,14.236666679382324,2414500.0,10.676995277404785
2002-03-14,14.329999923706055,13.890000343322754,14.239999771118164,13.896666526794434,2093600.0,10.422009468078613
2002-03-15,13.896666526794434,13.433333396911621,13.896666526794434,13.563333511352539,4319600.0,10.172019958496094
2002-03-18,13.75,13.103333473205566,13.563333511352539,13.106666564941406,5412100.0,9.829537391662598
2002-03-19,13.563333511352539,12.863333702087402,13.039999961853027,13.416666984558105,6550800.0,10.062030792236328
2002-03-20,13.666666984558105,12.5,13.633333206176758,12.533333778381348,8632100.0,9.399558067321777
2002-03-21,12.760000228881836,12.166666984558105,12.600000381469727,12.350000381469727,7435300.0,9.262064933776855
2002-03-22,13.0600004196167,12.40333366394043,12.433333396911621,13.020000457763672,5468500.0,9.76453685760498
2002-03-25,13.233333587646484,12.449999809265137,13.100000381469727,12.466666221618652,4095600.0,9.349557876586914
2002-03-26,13.333333015441895,12.506667137145996,12.600000381469727,13.25333309173584,4890000.0,9.939532279968262
2002-03-27,13.329999923706055,12.65666675567627,13.300000190734863,12.75,4425200.0,9.562047958374023
2002-03-28,12.90999984741211,12.276666641235352,12.800000190734863,12.566666603088379,3692000.0,9.424554824829102
2002-04-01,12.420000076293945,11.883333206176758,12.416666984558105,12.25,5679700.0,9.187067985534668
2002-04-02,12.329999923706055,11.893333435058594,12.25,12.149999618530273,3985200.0,9.112074851989746
2002-04-03,12.693333625793457,12.260000228881836,12.3100004196167,12.536666870117188,4860100.0,9.402058601379395
2002-04-04,12.59666633605957,12.15333366394043,12.516666412353516,12.283333778381348,3780800.0,9.212071418762207
2002-04-05,12.466666221618652,12.103333473205566,12.333333015441895,12.369999885559082,2560100.0,9.277064323425293
2002-04-08,12.356666564941406,11.899999618530273,11.966666221618652,12.283333778381348,17395700.0,9.212071418762207
2002-04-09,12.566666603088379,12.166666984558105,12.333333015441895,12.426666259765625,9367300.0,9.319564819335938
2002-04-10,12.555000305175781,12.050000190734863,12.449999809265137,12.204999923706055,2973700.0,9.153321266174316
2002-04-11,12.265000343322754,11.75,12.175000190734863,11.84000015258789,3193200.0,8.879579544067383
2002-04-12,12.199999809265137,11.854999542236328,11.899999618530273,12.100000381469727,2112800.0,9.074575424194336
2002-04-15,12.40999984741211,11.675000190734863,12.0,12.220000267028809,3596400.0,9.164573669433594
2002-04-16,12.149999618530273,11.699999809265137,12.095000267028809,12.0,3022900.0,8.999578475952148
2002-04-17,12.329999923706055,11.875,12.050000190734863,11.970000267028809,3023600.0,8.97707462310791
2002-04-18,12.100000381469727,11.529999732971191,12.100000381469727,11.869999885559082,3814800.0,8.902081489562988
2002-04-19,12.194999694824219,11.875,11.899999618530273,12.175000190734863,2250900.0,9.130820274353027
2002-04-22,12.5600004196167,12.28499984741211,12.524999618530273,12.470000267028809,7164400.0,9.352063179016113
2002-04-23,13.21500015258789,12.574999809265137,12.6899995803833,12.925000190734863,7439700.0,9.693292617797852
2002-04-24,13.175000190734863,12.649999618530273,13.149999618530273,12.90999984741211,3899200.0,9.68204402923584
2002-04-25,12.914999961853027,12.5600004196167,12.90999984741211,12.774999618530273,2190000.0,9.58079719543457
2002-04-26,12.899999618530273,12.255000114440918,12.78499984741211,12.350000381469727,2090500.0,9.262064933776855
2002-04-29,12.770000457763672,12.505000114440918,12.699999809265137,12.5649995803833,2741300.0,9.423308372497559
2002-04-30,12.90999984741211,12.539999961853027,12.5649995803833,12.899999618530273,3491300.0,9.674537658691406
2002-05-01,13.199999809265137,12.699999809265137,12.975000381469727,13.154999732971191,3586500.0,9.865787506103516
2002-05-02,13.395000457763672,12.949999809265137,13.25,13.34000015258789,4370000.0,10.004528999328613
2002-05-03,13.520000457763672,13.130000114440918,13.345000267028809,13.4350004196167,2822800.0,10.075775146484375
2002-05-06,13.595000267028809,13.09000015258789,13.4350004196167,13.140000343322754,3926800.0,9.85453987121582
2002-05-07,13.265000343322754,13.09000015258789,13.140000343322754,13.100000381469727,4559200.0,9.824538230895996
2002-05-08,13.295000076293945,12.859999656677246,13.225000381469727,13.015000343322754,4384400.0,9.76078987121582
2002-05-09,13.149999618530273,12.819999694824219,13.015000343322754,12.944999694824219,1804900.0,9.708294868469238
2002-05-10,12.925000190734863,12.5649995803833,12.925000190734863,12.585000038146973,1634800.0,9.482260704040527
2002-05-13,12.725000381469727,12.289999961853027,12.59000015258789,12.5,2316400.0,9.418210983276367
2002-05-14,13.130000114440918,12.375,12.5,13.109999656677246,2388900.0,9.877819061279297
2002-05-15,13.100000381469727,12.800000190734863,13.0600004196167,12.880000114440918,1803200.0,9.704526901245117
2002-05-16,12.800000190734863,12.505000114440918,12.774999618530273,12.53499984741211,2153200.0,9.444585800170898
2002-05-17,12.885000228881836,12.4350004196167,12.574999809265137,12.885000228881836,1982400.0,9.708294868469238
2002-05-20,12.989999771118164,12.75,12.800000190734863,12.875,1578500.0,9.700758934020996
2002-05-21,12.975000381469727,12.399999618530273,12.975000381469727,12.4399995803833,1950800.0,9.373005867004395
2002-05-22,12.545000076293945,12.375,12.4399995803833,12.460000038146973,1669200.0,9.388072967529297
2002-05-23,12.675000190734863,12.300000190734863,12.425000190734863,12.645000457763672,2564900.0,9.52746295928955
2002-05-24,12.975000381469727,12.5,12.725000381469727,12.84000015258789,2394400.0,9.674386978149414
2002-05-28,12.96500015258789,12.5,12.899999618530273,12.529999732971191,1759700.0,9.440814018249512
2002-05-29,12.725000381469727,12.399999618530273,12.625,12.399999618530273,1218900.0,9.342864990234375
2002-05-30,12.4350004196167,11.994999885559082,12.399999618530273,12.175000190734863,2628400.0,9.173338890075684
2002-05-31,12.390000343322754,12.180000305175781,12.225000381469727,12.260000228881836,1182500.0,9.237383842468262
2002-06-03,12.324999809265137,11.875,12.324999809265137,11.925000190734863,1989700.0,8.984972953796387
2002-06-04,11.850000381469727,10.925000190734863,11.850000381469727,11.1850004196167,7221600.0,8.427416801452637
2002-06-05,11.899999618530273,11.199999809265137,11.25,11.885000228881836,5516900.0,8.954835891723633
2002-06-06,12.425000190734863,11.835000038146973,11.885000228881836,12.1899995803833,4753300.0,9.18464183807373
2002-06-07,12.545000076293945,11.989999771118164,12.0,12.5,3369700.0,9.418210983276367
2002-06-10,12.649999618530273,12.145000457763672,12.449999809265137,12.180000305175781,1588400.0,9.177107810974121
2002-06-11,12.574999809265137,12.095000267028809,12.1899995803833,12.104999542236328,2003200.0,9.120596885681152
2002-06-12,12.324999809265137,12.029999732971191,12.125,12.21500015258789,1678900.0,9.203478813171387
2002-06-13,12.25,11.645000457763672,12.25,11.654999732971191,1772500.0,8.781540870666504
2002-06-14,11.854999542236328,11.324999809265137,11.475000381469727,11.854999542236328,2582000.0,8.932233810424805
2002-06-17,12.324999809265137,11.854999542236328,11.854999542236328,12.125,1529300.0,9.135666847229004
2002-06-18,12.550000190734863,12.260000228881836,12.350000381469727,12.479999542236328,2670500.0,9.403146743774414
2002-06-19,12.989999771118164,12.300000190734863,12.5,12.729999542236328,3290400.0,9.59150505065918
2002-06-20,13.260000228881836,12.734999656677246,12.734999656677246,13.125,4324900.0,9.889123916625977
2002-06-21,13.550000190734863,13.085000038146973,13.350000381469727,13.369999885559082,4473300.0,10.073718070983887
2002-06-24,13.579999923706055,13.074999809265137,13.369999885559082,13.5,3661700.0,10.171674728393555
2002-06-25,13.75,12.555000305175781,13.600000381469727,12.579999923706055,4231700.0,9.478487014770508
2002-06-26,12.725000381469727,12.380000114440918,12.579999923706055,12.725000381469727,2774500.0,9.587739944458008
2002-06-27,13.029999732971191,12.369999885559082,12.875,12.725000381469727,2405600.0,9.587739944458008
2002-06-28,13.175000190734863,12.710000038146973,12.774999618530273,13.015000343322754,2208000.0,9.806242942810059
2002-07-01,13.425000190734863,13.225000381469727,13.25,13.239999771118164,1900100.0,9.9757719039917
2002-07-02,13.345000267028809,12.199999809265137,13.300000190734863,12.739999771118164,2720900.0,9.599043846130371
2002-07-03,12.71500015258789,11.885000228881836,12.614999771118164,12.595000267028809,2497200.0,9.489789962768555
2002-07-05,13.050000190734863,12.5,12.5,13.039999961853027,943300.0,9.825080871582031
2002-07-08,12.979999542236328,12.670000076293945,12.899999618530273,12.6899995803833,1586900.0,9.561370849609375
2002-07-09,13.100000381469727,12.449999809265137,12.6899995803833,12.520000457763672,1980000.0,9.433282852172852
2002-07-10,12.755000114440918,12.335000038146973,12.645000457763672,12.350000381469727,1767200.0,9.305194854736328
2002-07-11,12.295000076293945,11.375,12.25,11.875,3706000.0,8.94730281829834
2002-07-12,11.875,11.404999732971191,11.625,11.5649995803833,2746100.0,8.71373462677002
2002-07-15,11.699999809265137,10.925000190734863,11.569999694824219,11.699999809265137,3086000.0,8.815446853637695
2002-07-16,11.649999618530273,10.895000457763672,11.5,11.024999618530273,4526900.0,8.306862831115723
2002-07-17,11.649999618530273,10.524999618530273,11.149999618530273,11.109999656677246,5464800.0,8.370905876159668
2002-07-18,11.475000381469727,10.920000076293945,11.25,10.949999809265137,4046900.0,8.25035285949707
2002-07-19,10.984999656677246,10.399999618530273,10.850000381469727,10.524999618530273,3616400.0,7.930136203765869
2002-07-22,10.425000190734863,9.755000114440918,10.125,9.949999809265137,7483600.0,7.496896266937256
2002-07-23,10.350000381469727,10.020000457763672,10.074999809265137,10.100000381469727,4383600.0,7.609914302825928
2002-07-24,10.670000076293945,9.699999809265137,10.0,10.654999732971191,4604500.0,8.028085708618164
2002-07-25,11.204999923706055,10.125,10.649999618530273,10.640000343322754,3043600.0,8.016782760620117
2002-07-26,10.725000381469727,10.404999732971191,10.699999809265137,10.539999961853027,1754100.0,7.941436767578125
2002-07-29,11.489999771118164,10.8149995803833,10.949999809265137,11.489999771118164,3251200.0,8.657219886779785
2002-07-30,11.649999618530273,11.045000076293945,11.399999618530273,11.425000190734863,1673700.0,8.608244895935059
2002-07-31,11.5,10.925000190734863,11.350000381469727,11.100000381469727,3576900.0,8.363373756408691
2002-08-01,11.03499984741211,10.524999618530273,11.0,10.619999885559082,3358000.0,8.00171184539795
2002-08-02,10.555000305175781,9.604999542236328,10.550000190734863,9.729999542236328,4207700.0,7.331136703491211
2002-08-05,9.800000190734863,9.324999809265137,9.550000190734863,9.550000190734863,4958800.0,7.1955156326293945
2002-08-06,10.109999656677246,9.800000190734863,9.850000381469727,9.930000305175781,3369300.0,7.481828212738037
2002-08-07,10.109999656677246,9.71500015258789,10.074999809265137,10.100000381469727,3243700.0,7.656176567077637
2002-08-08,10.345000267028809,9.725000381469727,9.875,10.34000015258789,2775300.0,7.838106155395508
2002-08-09,10.5,10.050000190734863,10.3149995803833,10.444999694824219,1607300.0,7.917698383331299
2002-08-12,10.425000190734863,10.095000267028809,10.399999618530273,10.25,1297700.0,7.769879341125488
2002-08-13,10.494999885559082,10.175000190734863,10.25,10.210000038146973,1879300.0,7.739562511444092
2002-08-14,10.239999771118164,9.949999809265137,10.210000038146973,10.239999771118164,3251600.0,7.762304782867432
2002-08-15,10.890000343322754,10.399999618530273,10.625,10.875,3820400.0,8.243659973144531
2002-08-16,11.050000190734863,10.600000381469727,10.774999618530273,11.0,2101300.0,8.338409423828125
2002-08-19,11.295000076293945,10.975000381469727,11.0,11.260000228881836,2200400.0,8.535497665405273
2002-08-20,11.270000457763672,10.805000305175781,11.175000190734863,10.895000457763672,1493700.0,8.25881576538086
2002-08-21,11.100000381469727,10.524999618530273,11.0,10.755000114440918,1714000.0,8.152689933776855
2002-08-22,11.149999618530273,10.704999923706055,10.755000114440918,11.085000038146973,1624100.0,8.402846336364746
2002-08-23,11.260000228881836,10.8100004196167,11.0,10.824999809265137,1454000.0,8.205755233764648
2002-08-26,11.170000076293945,10.694999694824219,10.829999923706055,11.140000343322754,1864400.0,8.444536209106445
2002-08-27,11.274999618530273,10.75,11.25,10.84000015258789,1778500.0,8.217124938964844
2002-08-28,10.850000381469727,10.600000381469727,10.75,10.630000114440918,1272100.0,8.05793571472168
2002-08-29,10.529999732971191,10.324999809265137,10.529999732971191,10.395000457763672,1753200.0,7.879797458648682
2002-08-30,10.75,10.324999809265137,10.324999809265137,10.380000114440918,1176000.0,7.8684258460998535
2002-09-03,10.274999618530273,9.824999809265137,10.270000457763672,9.859999656677246,2786400.0,7.474247455596924
2002-09-04,10.5600004196167,9.899999618530273,9.899999618530273,10.524999618530273,3219700.0,7.978341579437256
2002-09-05,10.824999809265137,10.425000190734863,10.529999732971191,10.600000381469727,2453200.0,8.035197257995605
2002-09-06,10.899999618530273,10.470000267028809,10.710000038146973,10.84000015258789,1974800.0,8.217124938964844
2002-09-09,11.25,10.699999809265137,10.845000267028809,11.199999809265137,2602100.0,8.490017890930176
2002-09-10,11.289999961853027,10.859999656677246,11.274999618530273,11.069999694824219,1867700.0,8.391472816467285
2002-09-11,11.234999656677246,11.024999618530273,11.130000114440918,11.154999732971191,1206500.0,8.455904960632324
2002-09-12,11.050000190734863,10.6899995803833,11.050000190734863,10.694999694824219,1620900.0,8.10721206665039
2002-09-13,11.045000076293945,10.550000190734863,10.600000381469727,11.010000228881836,1960900.0,8.345990180969238
2002-09-16,11.199999809265137,10.78499984741211,10.925000190734863,11.050000190734863,1416500.0,8.37630844116211
2002-09-17,11.204999923706055,10.899999618530273,11.149999618530273,10.970000267028809,2485600.0,8.315669059753418
2002-09-18,11.050000190734863,10.375,10.970000267028809,10.420000076293945,3288000.0,7.898748874664307
2002-09-19,10.149999618530273,9.625,10.050000190734863,9.654999732971191,3591300.0,7.318851470947266
2002-09-20,10.0,9.65999984741211,9.65999984741211,9.854999542236328,2261700.0,7.470456600189209
2002-09-23,10.050000190734863,9.600000381469727,9.854999542236328,9.699999809265137,1696900.0,7.352962970733643
2002-09-24,9.600000381469727,9.300000190734863,9.539999961853027,9.369999885559082,2306500.0,7.102809906005859
2002-09-25,9.845000267028809,9.34000015258789,9.369999885559082,9.704999923706055,4081700.0,7.356751441955566
2002-09-26,10.0649995803833,9.699999809265137,9.725000381469727,9.949999809265137,2284500.0,7.542470932006836
2002-09-27,10.039999961853027,9.5,9.949999809265137,9.520000457763672,2050100.0,7.216517448425293
2002-09-30,9.515000343322754,9.149999618530273,9.395000457763672,9.3100004196167,1799200.0,7.0573272705078125
2002-10-01,9.800000190734863,9.024999618530273,9.359999656677246,9.755000114440918,2451300.0,7.394653797149658
2002-10-02,9.949999809265137,9.4350004196167,9.675000190734863,9.449999809265137,1829200.0,7.163449764251709
2002-10-03,9.600000381469727,9.09000015258789,9.449999809265137,9.170000076293945,1310800.0,6.951200485229492
2002-10-04,9.3100004196167,8.600000381469727,9.289999961853027,8.819999694824219,2506000.0,6.685889720916748
2002-10-07,8.875,8.274999618530273,8.819999694824219,8.300000190734863,3892800.0,6.291708946228027
2002-10-08,8.6899995803833,8.300000190734863,8.550000190734863,8.569999694824219,4508100.0,6.496377944946289
2002-10-09,8.5,8.015000343322754,8.399999618530273,8.029999732971191,2477600.0,6.087038993835449
2002-10-10,8.84000015258789,8.015000343322754,8.050000190734863,8.84000015258789,3020100.0,6.701048374176025
2002-10-11,9.270000457763672,8.890000343322754,8.890000343322754,8.994999885559082,3646500.0,6.818542957305908
2002-10-14,9.055000305175781,8.850000381469727,8.869999885559082,8.944999694824219,1420000.0,6.780642509460449
2002-10-15,9.585000038146973,9.100000381469727,9.100000381469727,9.524999618530273,2265200.0,7.220304012298584
2002-10-16,9.449999809265137,9.024999618530273,9.425000190734863,9.114999771118164,1308000.0,6.909507751464844
2002-10-17,9.984999656677246,9.75,9.875,9.975000381469727,3163200.0,7.56141996383667
2002-10-18,10.0,9.630000114440918,9.925000190734863,9.885000228881836,1754800.0,7.493199825286865
2002-10-21,10.46500015258789,9.729999542236328,9.890000343322754,10.430000305175781,2116800.0,7.90632963180542
2002-10-22,10.399999618530273,9.944999694824219,10.329999923706055,10.020000457763672,1295600.0,7.595536231994629
2002-10-23,10.395000457763672,10.0,10.029999732971191,10.324999809265137,1886500.0,7.8267340660095215
2002-10-24,10.505000114440918,10.029999732971191,10.5,10.079999923706055,2241700.0,7.641014099121094
2002-10-25,10.239999771118164,9.90999984741211,10.079999923706055,10.135000228881836,1802000.0,7.682704925537109
2002-10-28,10.300000190734863,9.694999694824219,10.25,9.71500015258789,1245300.0,7.364331245422363
2002-10-29,9.795000076293945,9.5600004196167,9.725000381469727,9.625,2054100.0,7.296104907989502
2002-10-30,9.78499984741211,9.350000381469727,9.645000457763672,9.475000381469727,2528100.0,7.182404518127441
2002-10-31,9.8149995803833,9.494999885559082,9.494999885559082,9.635000228881836,1103300.0,7.3502349853515625
2002-11-01,9.890000343322754,9.569999694824219,9.609999656677246,9.875,1265600.0,7.533322811126709
2002-11-04,10.180000305175781,9.774999618530273,9.925000190734863,9.795000076293945,1956100.0,7.472292900085449
2002-11-05,9.920000076293945,9.65999984741211,9.824999809265137,9.725000381469727,2264000.0,7.418890953063965
2002-11-06,10.100000381469727,9.619999885559082,9.770000457763672,10.100000381469727,2851600.0,7.704965114593506
2002-11-07,10.104999542236328,9.050000190734863,10.104999542236328,9.079999923706055,4372500.0,6.926844120025635
2002-11-08,9.180000305175781,8.625,9.119999885559082,8.720000267028809,3194100.0,6.652209281921387
2002-11-11,8.899999618530273,8.524999618530273,8.6850004196167,8.720000267028809,2241300.0,6.652209281921387
2002-11-12,9.050000190734863,8.475000381469727,8.800000190734863,8.579999923706055,5691200.0,6.545408248901367
2002-11-13,9.029999732971191,8.5,8.600000381469727,8.779999732971191,2960800.0,6.697981357574463
2002-11-14,9.239999771118164,8.875,8.925000190734863,9.180000305175781,4420000.0,7.003129482269287
2002-11-15,9.5,9.100000381469727,9.180000305175781,9.5,2289200.0,7.247249603271484
2002-11-18,9.600000381469727,9.125,9.600000381469727,9.234999656677246,2068900.0,7.045089244842529
2002-11-19,9.300000190734863,9.0,9.300000190734863,9.0649995803833,2319200.0,6.915396213531494
2002-11-20,9.199999809265137,8.880000114440918,9.0649995803833,9.050000190734863,5162800.0,6.903955459594727
2002-11-21,9.494999885559082,9.100000381469727,9.100000381469727,9.494999885559082,3470100.0,7.243431568145752
2002-11-22,9.5600004196167,9.300000190734863,9.484999656677246,9.350000381469727,1814500.0,7.132817268371582
2002-11-25,9.604999542236328,9.34000015258789,9.399999618530273,9.539999961853027,2102100.0,7.277763366699219
2002-11-26,9.65999984741211,9.21500015258789,9.475000381469727,9.25,2524400.0,7.056530952453613
2002-11-27,9.59000015258789,9.300000190734863,9.300000190734863,9.59000015258789,2432800.0,7.315904140472412
2002-11-29,9.664999961853027,9.5,9.664999961853027,9.555000305175781,432900.0,7.289205551147461
2002-12-02,9.725000381469727,9.359999656677246,9.600000381469727,9.524999618530273,1400900.0,7.2663187980651855
2002-12-03,9.354999542236328,8.880000114440918,9.350000381469727,8.90999984741211,2441600.0,6.797156810760498
2002-12-04,9.079999923706055,8.800000190734863,8.895000457763672,9.0,3014500.0,6.865814208984375
2002-12-05,9.0600004196167,8.845000267028809,9.050000190734863,8.875,1597300.0,6.770453453063965
2002-12-06,9.029999732971191,8.729999542236328,8.824999809265137,8.914999961853027,1775600.0,6.800968647003174
2002-12-09,9.029999732971191,8.8100004196167,8.920000076293945,8.8149995803833,1621200.0,6.7246832847595215
2002-12-10,8.850000381469727,8.574999809265137,8.8149995803833,8.604999542236328,2198000.0,6.564479351043701
2002-12-11,8.6899995803833,8.40999984741211,8.625,8.5600004196167,3535700.0,6.5301513671875
2002-12-12,8.800000190734863,8.505000114440918,8.600000381469727,8.704999923706055,2351600.0,6.64076566696167
2002-12-13,8.699999809265137,8.5,8.699999809265137,8.524999618530273,1386800.0,6.503450393676758
2002-12-16,9.020000457763672,8.5649995803833,8.5649995803833,8.975000381469727,2447600.0,6.846742153167725
2002-12-17,9.175000190734863,8.854999542236328,9.0,8.864999771118164,1722900.0,6.762828350067139
2002-12-18,8.949999809265137,8.774999618530273,8.949999809265137,8.850000381469727,2021700.0,6.751382827758789
2002-12-19,9.050000190734863,8.850000381469727,8.850000381469727,8.984999656677246,2341200.0,6.854369640350342
2002-12-20,9.1850004196167,9.0,9.074999809265137,9.069999694824219,1615600.0,6.919216156005859
2002-12-23,9.09000015258789,8.930000305175781,8.930000305175781,9.0,1394800.0,6.865814208984375
2002-12-24,9.074999809265137,8.944999694824219,8.989999771118164,8.949999809265137,806100.0,6.827673435211182
2002-12-26,9.125,8.989999771118164,9.0,9.020000457763672,834900.0,6.881070137023926
2002-12-27,9.0,8.675000190734863,8.970000267028809,8.739999771118164,1461300.0,6.667468070983887
2002-12-30,8.739999771118164,8.449999809265137,8.739999771118164,8.5600004196167,2679200.0,6.5301513671875
2002-12-31,8.75,8.5,8.625,8.675000190734863,1692000.0,6.617881774902344
2003-01-02,9.399999618530273,8.569999694824219,8.774999618530273,9.359999656677246,4097700.0,7.140444755554199
2003-01-03,9.395000457763672,9.149999618530273,9.364999771118164,9.279999732971191,2689700.0,7.079415798187256
2003-01-06,9.274999618530273,9.074999809265137,9.274999618530273,9.125,2154000.0,6.961170673370361
2003-01-07,9.180000305175781,9.045000076293945,9.050000190734863,9.125,2815200.0,6.961170673370361
2003-01-08,9.520000457763672,9.175000190734863,9.199999809265137,9.274999618530273,4636800.0,7.075599670410156
2003-01-09,9.574999809265137,9.399999618530273,9.399999618530273,9.460000038146973,2286400.0,7.216731071472168
2003-01-10,9.649999618530273,9.354999542236328,9.444999694824219,9.600000381469727,1436400.0,7.3235321044921875
2003-01-13,9.9350004196167,9.625,9.925000190734863,9.630000114440918,3631200.0,7.3464202880859375
2003-01-14,9.704999923706055,9.5649995803833,9.635000228881836,9.704999923706055,1719200.0,7.403632640838623
2003-01-15,9.75,9.625,9.725000381469727,9.645000457763672,1417600.0,7.3578619956970215
2003-01-16,10.100000381469727,9.654999732971191,9.845000267028809,10.100000381469727,4030500.0,7.704965114593506
2003-01-17,10.125,9.850000381469727,10.125,10.03499984741211,2670900.0,7.655381679534912
2003-01-21,10.225000381469727,9.845000267028809,10.100000381469727,9.845000267028809,2796800.0,7.51043176651001
2003-01-22,9.984999656677246,9.779999732971191,9.845000267028809,9.854999542236328,2686800.0,7.518063545227051
2003-01-23,9.989999771118164,9.774999618530273,9.875,9.975000381469727,3131300.0,7.6096062660217285
2003-01-24,9.9350004196167,9.800000190734863,9.925000190734863,9.899999618530273,2510100.0,7.552394390106201
2003-01-27,9.850000381469727,9.5,9.725000381469727,9.550000190734863,2263700.0,7.285391330718994
2003-01-28,9.734999656677246,9.475000381469727,9.550000190734863,9.720000267028809,1538800.0,7.415074348449707
2003-01-29,9.78499984741211,9.420000076293945,9.649999618530273,9.739999771118164,1432500.0,7.43033504486084
2003-01-30,9.699999809265137,9.399999618530273,9.65999984741211,9.430000305175781,2388000.0,7.245919227600098
2003-01-31,9.930000305175781,9.390000343322754,9.930000305175781,9.550000190734863,1459200.0,7.338128566741943
2003-02-03,9.739999771118164,9.569999694824219,9.625,9.65999984741211,1234400.0,7.422653675079346
2003-02-04,9.649999618530273,9.529999732971191,9.600000381469727,9.609999656677246,1194900.0,7.384231090545654
2003-02-05,9.84000015258789,9.59000015258789,9.609999656677246,9.699999809265137,1730800.0,7.453389644622803
2003-02-06,9.725000381469727,9.354999542236328,9.649999618530273,9.390000343322754,1932100.0,7.2151875495910645
2003-02-07,9.5,9.164999961853027,9.4350004196167,9.25,1566100.0,7.107611179351807
2003-02-10,9.510000228881836,9.295000076293945,9.324999809265137,9.449999809265137,2705200.0,7.261290073394775
2003-02-11,9.600000381469727,9.449999809265137,9.550000190734863,9.5,2060800.0,7.29971170425415
2003-02-12,9.574999809265137,9.229999542236328,9.505000114440918,9.25,976400.0,7.107611179351807
2003-02-13,9.274999618530273,8.949999809265137,9.25,9.095000267028809,2549700.0,6.9885101318359375
2003-02-14,9.345000267028809,9.125,9.125,9.145000457763672,2200800.0,7.026928901672363
2003-02-18,9.824999809265137,9.350000381469727,9.494999885559082,9.699999809265137,2023600.0,7.453389644622803
2003-02-19,9.6850004196167,9.475000381469727,9.574999809265137,9.524999618530273,1156800.0,7.318917751312256
2003-02-20,9.555000305175781,9.390000343322754,9.524999618530273,9.430000305175781,1108100.0,7.245919227600098
2003-02-21,9.630000114440918,9.375,9.5,9.574999809265137,924000.0,7.35733699798584
2003-02-24,9.550000190734863,9.28499984741211,9.550000190734863,9.28499984741211,1053600.0,7.1345062255859375
2003-02-25,9.484999656677246,9.25,9.305000305175781,9.399999618530273,1763200.0,7.222869396209717
2003-02-26,9.489999771118164,9.350000381469727,9.375,9.404999732971191,1828400.0,7.226712226867676
2003-02-27,9.489999771118164,9.140000343322754,9.449999809265137,9.25,2930000.0,7.107611179351807
2003-02-28,9.274999618530273,9.074999809265137,9.25,9.154999732971191,2696100.0,7.034613132476807
2003-03-03,9.359999656677246,9.149999618530273,9.25,9.229999542236328,1743600.0,7.092243194580078
2003-03-04,9.229999542236328,8.625,9.229999542236328,8.675000190734863,3693200.0,6.66578483581543
2003-03-05,8.6899995803833,8.484999656677246,8.670000076293945,8.550000190734863,3285700.0,6.569737434387207
2003-03-06,8.649999618530273,8.475000381469727,8.550000190734863,8.529999732971191,2046400.0,6.554370403289795
2003-03-07,8.829999923706055,8.475000381469727,8.5,8.75,3219300.0,6.723416328430176
2003-03-10,8.670000076293945,8.515000343322754,8.625,8.529999732971191,1829600.0,6.554370403289795
2003-03-11,8.75,8.574999809265137,8.574999809265137,8.670000076293945,3391700.0,6.661945819854736
2003-03-12,8.800000190734863,8.625,8.645000457763672,8.725000381469727,2428900.0,6.704208850860596
2003-03-13,9.199999809265137,8.774999618530273,8.800000190734863,9.170000076293945,2010900.0,7.046139717102051
2003-03-14,9.420000076293945,9.170000076293945,9.225000381469727,9.28499984741211,3148100.0,7.1345062255859375
2003-03-17,9.5,9.135000228881836,9.225000381469727,9.479999542236328,2296500.0,7.284340858459473
2003-03-18,9.640000343322754,9.359999656677246,9.640000343322754,9.5,2520400.0,7.29971170425415
2003-03-19,9.6899995803833,9.475000381469727,9.5,9.670000076293945,1992900.0,7.430334091186523
2003-03-20,9.899999618530273,9.460000038146973,9.600000381469727,9.789999961853027,2230900.0,7.522538185119629
2003-03-21,10.125,9.854999542236328,9.949999809265137,10.114999771118164,1957600.0,7.772270202636719
2003-03-24,9.904999732971191,9.654999732971191,9.899999618530273,9.760000228881836,1732000.0,7.499490737915039
2003-03-25,9.944999694824219,9.585000038146973,9.725000381469727,9.944999694824219,1690400.0,7.641641139984131
2003-03-26,9.885000228881836,9.675000190734863,9.885000228881836,9.699999809265137,1680900.0,7.453389644622803
2003-03-27,9.774999618530273,9.470000267028809,9.630000114440918,9.649999618530273,2236800.0,7.414966106414795
2003-03-28,9.739999771118164,9.569999694824219,9.630000114440918,9.670000076293945,847300.0,7.430334091186523
2003-03-31,9.774999618530273,9.4350004196167,9.600000381469727,9.600000381469727,2116900.0,7.376547336578369
2003-04-01,9.829999923706055,9.479999542236328,9.65999984741211,9.829999923706055,1334400.0,7.553276538848877
2003-04-02,10.484999656677246,10.050000190734863,10.050000190734863,10.449999809265137,4070000.0,8.029678344726562
2003-04-03,10.545000076293945,10.375,10.484999656677246,10.375,2694100.0,7.972049236297607
2003-04-04,10.380000114440918,10.145000457763672,10.375,10.25,1243600.0,7.876000881195068
2003-04-07,10.739999771118164,10.5,10.539999961853027,10.550000190734863,2765300.0,8.106521606445312
2003-04-08,10.625,10.425000190734863,10.600000381469727,10.555000305175781,1949700.0,8.110363006591797
2003-04-09,10.8100004196167,10.505000114440918,10.59000015258789,10.680000305175781,2032500.0,8.206406593322754
2003-04-10,10.859999656677246,10.625,10.704999923706055,10.84000015258789,898900.0,8.329354286193848
2003-04-11,10.984999656677246,10.78499984741211,10.96500015258789,10.869999885559082,2055200.0,8.35240364074707
2003-04-14,11.0,10.710000038146973,10.869999885559082,11.0,1497600.0,8.452295303344727
2003-04-15,11.1850004196167,10.975000381469727,11.0,11.1850004196167,1636500.0,8.59444808959961
2003-04-16,11.270000457763672,11.095000267028809,11.199999809265137,11.145000457763672,1809600.0,8.563713073730469
2003-04-17,11.395000457763672,11.15999984741211,11.199999809265137,11.295000076293945,2047700.0,8.678966522216797
2003-04-21,11.475000381469727,11.335000038146973,11.395000457763672,11.475000381469727,1576100.0,8.817278861999512
2003-04-22,11.725000381469727,11.28499984741211,11.430000305175781,11.694999694824219,2893300.0,8.986321449279785
2003-04-23,11.880000114440918,11.6850004196167,11.729999542236328,11.8149995803833,2771300.0,9.078527450561523
2003-04-24,11.880000114440918,11.720000267028809,11.819999694824219,11.805000305175781,1628800.0,9.070846557617188
2003-04-25,11.725000381469727,11.399999618530273,11.725000381469727,11.420000076293945,1911600.0,8.775019645690918
2003-04-28,11.75,11.449999809265137,11.449999809265137,11.71500015258789,1770100.0,9.00169563293457
2003-04-29,11.925000190734863,11.6899995803833,11.75,11.75,1214800.0,9.028586387634277
2003-04-30,11.989999771118164,11.645000457763672,11.755000114440918,11.850000381469727,1654800.0,9.105422973632812
2003-05-01,11.880000114440918,11.545000076293945,11.880000114440918,11.649999618530273,1966900.0,8.951748847961426
2003-05-02,11.875,11.595000267028809,11.649999618530273,11.8100004196167,1903200.0,9.074691772460938
2003-05-05,11.904999732971191,11.729999542236328,11.819999694824219,11.829999923706055,1556400.0,9.090056419372559
2003-05-06,11.880000114440918,11.720000267028809,11.84000015258789,11.765000343322754,2286500.0,9.04011344909668
2003-05-07,12.175000190734863,11.699999809265137,11.699999809265137,12.055000305175781,1919300.0,9.262945175170898
2003-05-08,12.25,11.90999984741211,12.005000114440918,12.199999809265137,2942100.0,9.374361038208008
2003-05-09,12.319999694824219,12.135000228881836,12.164999961853027,12.319999694824219,1849300.0,9.521203994750977
2003-05-12,12.710000038146973,12.324999809265137,12.350000381469727,12.649999618530273,3436800.0,9.776233673095703
2003-05-13,12.640000343322754,12.475000381469727,12.550000190734863,12.619999885559082,1599300.0,9.753047943115234
2003-05-14,12.654999732971191,12.350000381469727,12.645000457763672,12.4399995803833,1443200.0,9.613938331604004
2003-05-15,12.680000305175781,12.425000190734863,12.489999771118164,12.675000190734863,1302400.0,9.795552253723145
2003-05-16,12.675000190734863,12.210000038146973,12.675000190734863,12.244999885559082,2375200.0,9.463232040405273
2003-05-19,12.175000190734863,11.75,12.175000190734863,11.885000228881836,2550500.0,9.185023307800293
2003-05-20,12.125,11.885000228881836,11.904999732971191,12.029999732971191,1650000.0,9.297080039978027
2003-05-21,12.125,11.890000343322754,12.029999732971191,12.0,1554500.0,9.273894309997559
2003-05-22,12.680000305175781,11.975000381469727,12.0,12.595000267028809,2794500.0,9.73372745513916
2003-05-23,12.989999771118164,12.595000267028809,12.595000267028809,12.850000381469727,2848000.0,9.930795669555664
2003-05-27,12.904999732971191,12.390000343322754,12.899999618530273,12.670000076293945,12504800.0,9.791690826416016
2003-05-28,13.085000038146973,12.739999771118164,12.75,13.079999923706055,4432100.0,10.108548164367676
2003-05-29,13.484999656677246,12.864999771118164,13.484999656677246,13.0,5083200.0,10.046721458435059
2003-05-30,13.234999656677246,13.005000114440918,13.074999809265137,13.145000457763672,3604100.0,10.15877914428711
2003-06-02,13.725000381469727,13.300000190734863,13.300000190734863,13.550000190734863,4448100.0,10.471776962280273
2003-06-03,13.925000190734863,13.609999656677246,13.649999618530273,13.84000015258789,3506400.0,10.695891380310059
2003-06-04,14.345000267028809,13.899999618530273,13.949999809265137,14.289999961853027,4201700.0,11.04366397857666
2003-06-05,14.949999809265137,14.100000381469727,14.295000076293945,14.845000267028809,4705600.0,11.472579956054688
2003-06-06,15.220000267028809,14.335000038146973,15.220000267028809,14.335000038146973,4688000.0,11.078438758850098
2003-06-09,14.399999618530273,13.875,14.399999618530273,13.96500015258789,2535700.0,10.792497634887695
2003-06-10,14.789999961853027,14.074999809265137,14.074999809265137,14.710000038146973,3364100.0,11.368253707885742
2003-06-11,15.694999694824219,14.819999694824219,14.845000267028809,15.604999542236328,4411200.0,12.059928894042969
2003-06-12,15.850000381469727,14.805000305175781,15.75,15.454999923706055,5873200.0,11.944010734558105
2003-06-13,15.625,15.109999656677246,15.460000038146973,15.199999809265137,2522500.0,11.746935844421387
2003-06-16,15.949999809265137,15.25,15.300000190734863,15.920000076293945,3644500.0,12.303367614746094
2003-06-17,16.149999618530273,15.619999885559082,16.125,15.619999885559082,3629200.0,12.071521759033203
2003-06-18,15.770000457763672,15.300000190734863,15.770000457763672,15.524999618530273,3522500.0,11.998103141784668
2003-06-19,15.765000343322754,15.119999885559082,15.524999618530273,15.550000190734863,2969200.0,12.017424583435059
2003-06-20,15.550000190734863,14.470000267028809,15.550000190734863,14.550000190734863,5988800.0,11.24459457397461
2003-06-23,14.854999542236328,14.375,14.600000381469727,14.645000457763672,4041700.0,11.318018913269043
2003-06-24,14.899999618530273,14.399999618530273,14.550000190734863,14.8149995803833,3311700.0,11.449398040771484
2003-06-25,15.375,14.4399995803833,14.899999618530273,14.449999809265137,3656900.0,11.167315483093262
2003-06-26,14.944999694824219,14.364999771118164,14.574999809265137,14.8149995803833,2622100.0,11.449398040771484
2003-06-27,14.925000190734863,14.470000267028809,14.875,14.524999618530273,1456800.0,11.225279808044434
2003-06-30,14.625,14.03499984741211,14.520000457763672,14.050000190734863,3209600.0,10.858186721801758
2003-07-01,14.300000190734863,13.6850004196167,14.055000305175781,14.279999732971191,3101700.0,11.035938262939453
2003-07-02,14.5,14.15999984741211,14.279999732971191,14.425000190734863,3148500.0,11.147994041442871
2003-07-03,14.425000190734863,14.199999809265137,14.375,14.225000381469727,845300.0,10.993430137634277
2003-07-07,14.850000381469727,14.175000190734863,14.475000381469727,14.845000267028809,2716800.0,11.472579956054688
2003-07-08,15.274999618530273,14.850000381469727,14.899999618530273,15.199999809265137,4120400.0,11.746935844421387
2003-07-09,15.300000190734863,15.0,15.274999618530273,15.130000114440918,3201600.0,11.692831993103027
2003-07-10,15.15999984741211,14.694999694824219,15.130000114440918,14.795000076293945,2062800.0,11.433940887451172
2003-07-11,14.989999771118164,14.664999961853027,14.8100004196167,14.78499984741211,1704500.0,11.426215171813965
2003-07-14,15.359999656677246,14.850000381469727,14.850000381469727,15.149999618530273,1903700.0,11.708290100097656
2003-07-15,15.444999694824219,14.140000343322754,15.375,14.175000190734863,5529700.0,10.954791069030762
2003-07-16,14.380000114440918,13.574999809265137,14.180000305175781,14.260000228881836,6403200.0,11.02048110961914
2003-07-17,14.300000190734863,13.8100004196167,14.199999809265137,14.039999961853027,5603300.0,10.850458145141602
2003-07-18,14.28499984741211,13.729999542236328,14.109999656677246,14.024999618530273,2901200.0,10.838863372802734
2003-07-21,14.210000038146973,13.6899995803833,14.029999732971191,13.739999771118164,3119700.0,10.618609428405762
2003-07-22,14.119999885559082,13.494999885559082,13.850000381469727,14.09000015258789,3980400.0,10.88909912109375
2003-07-23,14.475000381469727,14.114999771118164,14.425000190734863,14.1850004196167,2538400.0,10.962516784667969
2003-07-24,14.515000343322754,14.244999885559082,14.274999618530273,14.274999618530273,2622100.0,11.032069206237793
2003-07-25,14.449999809265137,13.875,14.274999618530273,14.199999809265137,2261300.0,10.974112510681152
2003-07-28,14.274999618530273,13.989999771118164,14.274999618530273,14.074999809265137,1887600.0,10.877507209777832
2003-07-29,14.300000190734863,13.949999809265137,14.074999809265137,13.975000381469727,2370400.0,10.800222396850586
2003-07-30,14.3100004196167,13.949999809265137,14.024999618530273,14.305000305175781,1688100.0,11.055255889892578
2003-07-31,14.385000228881836,14.039999961853027,14.354999542236328,14.074999809265137,2993300.0,10.877507209777832
2003-08-01,14.175000190734863,13.625,14.0,13.720000267028809,2835300.0,10.603154182434082
2003-08-04,13.774999618530273,13.40999984741211,13.675000190734863,13.625,2931600.0,10.52973461151123
2003-08-05,13.765000343322754,13.444999694824219,13.699999809265137,13.449999809265137,1990900.0,10.394492149353027
2003-08-06,14.045000076293945,13.5,13.524999618530273,13.975000381469727,3418100.0,10.85672664642334
2003-08-07,14.09000015258789,13.835000038146973,14.050000190734863,14.09000015258789,1716400.0,10.94606876373291
2003-08-08,14.675000190734863,14.050000190734863,14.09000015258789,14.664999961853027,3597200.0,11.392768859863281
2003-08-11,14.739999771118164,14.1850004196167,14.739999771118164,14.359999656677246,2377700.0,11.1558198928833
2003-08-12,14.574999809265137,14.15999984741211,14.375,14.5600004196167,1658000.0,11.31119441986084
2003-08-13,14.5600004196167,14.0,14.5600004196167,14.029999732971191,2448100.0,10.899454116821289
2003-08-14,14.25,13.949999809265137,14.029999732971191,14.125,2835200.0,10.973255157470703
2003-08-15,14.395000457763672,14.074999809265137,14.149999618530273,14.395000457763672,743600.0,11.183012008666992
2003-08-18,14.484999656677246,14.255000114440918,14.444999694824219,14.470000267028809,1180400.0,11.241280555725098
2003-08-19,15.015000343322754,14.555000305175781,14.595000267028809,15.015000343322754,2770900.0,11.664668083190918
2003-08-20,15.130000114440918,14.899999618530273,14.925000190734863,15.125,2809600.0,11.75012493133545
2003-08-21,15.859999656677246,15.180000305175781,15.375,15.859999656677246,4747600.0,12.321123123168945
2003-08-22,15.984999656677246,15.300000190734863,15.984999656677246,15.329999923706055,2258800.0,11.909382820129395
2003-08-25,15.489999771118164,15.204999923706055,15.425000190734863,15.425000190734863,1954000.0,11.983184814453125
2003-08-26,15.479999542236328,14.920000076293945,15.425000190734863,15.255000114440918,2174100.0,11.851119995117188
2003-08-27,15.34000015258789,15.03499984741211,15.260000228881836,15.255000114440918,1302100.0,11.851119995117188
2003-08-28,15.755000114440918,15.300000190734863,15.350000381469727,15.71500015258789,1983200.0,12.208476066589355
2003-08-29,15.75,15.46500015258789,15.720000267028809,15.5600004196167,1916900.0,12.088061332702637
2003-09-02,15.569999694824219,15.404999732971191,15.5600004196167,15.454999923706055,1810400.0,12.00649356842041
2003-09-03,15.984999656677246,15.385000228881836,15.574999809265137,15.914999961853027,2683200.0,12.363852500915527
2003-09-04,16.424999237060547,15.725000381469727,15.914999961853027,16.395000457763672,4080800.0,12.736750602722168
2003-09-05,16.469999313354492,15.805000305175781,16.395000457763672,15.914999961853027,2713300.0,12.363852500915527
2003-09-08,16.454999923706055,16.010000228881836,16.125,16.43000030517578,2493200.0,12.763934135437012
2003-09-09,16.434999465942383,15.850000381469727,16.434999465942383,15.899999618530273,2584000.0,12.352194786071777
2003-09-10,15.904999732971191,14.625,15.904999732971191,14.744999885559082,5694400.0,11.454914093017578
2003-09-11,15.300000190734863,14.824999809265137,14.824999809265137,15.104999542236328,2623300.0,11.734587669372559
2003-09-12,15.475000381469727,15.0,15.149999618530273,15.369999885559082,2065600.0,11.940460205078125
2003-09-15,15.890000343322754,15.475000381469727,15.475000381469727,15.760000228881836,2252800.0,12.243438720703125
2003-09-16,16.100000381469727,15.720000267028809,15.765000343322754,16.100000381469727,2304000.0,12.50757122039795
2003-09-17,16.100000381469727,15.600000381469727,16.100000381469727,16.024999618530273,2928900.0,12.44930648803711
2003-09-18,16.274999618530273,15.795000076293945,16.024999618530273,16.274999618530273,1668900.0,12.643524169921875
2003-09-19,16.329999923706055,16.15999984741211,16.325000762939453,16.25,2961200.0,12.624101638793945
2003-09-22,16.045000076293945,15.600000381469727,16.0,15.699999809265137,2360800.0,12.196825981140137
2003-09-23,15.859999656677246,15.625,15.725000381469727,15.8149995803833,1240900.0,12.286164283752441
2003-09-24,16.149999618530273,15.65999984741211,15.824999809265137,15.75,1708500.0,12.23566722869873
2003-09-25,15.954999923706055,15.604999542236328,15.885000228881836,15.680000305175781,1854100.0,12.18128490447998
2003-09-26,15.779999732971191,15.510000228881836,15.680000305175781,15.550000190734863,1861200.0,12.080296516418457
2003-09-29,15.949999809265137,15.675000190734863,15.675000190734863,15.949999809265137,1839600.0,12.391040802001953
2003-09-30,16.635000228881836,15.774999618530273,15.925000190734863,16.350000381469727,3342100.0,12.701791763305664
2003-10-01,17.604999542236328,16.295000076293945,16.354999542236328,17.579999923706055,6520400.0,13.657343864440918
2003-10-02,17.899999618530273,17.454999923706055,17.600000381469727,17.764999389648438,4136500.0,13.80105972290039
2003-10-03,18.18000030517578,17.44499969482422,18.075000762939453,18.059999465942383,5114100.0,14.030232429504395
2003-10-06,18.545000076293945,18.049999237060547,18.059999465942383,18.424999237060547,2527600.0,14.313780784606934
2003-10-07,18.5,18.149999618530273,18.43000030517578,18.424999237060547,2284000.0,14.313780784606934
2003-10-08,18.69499969482422,18.309999465942383,18.549999237060547,18.530000686645508,2222500.0,14.395366668701172
2003-10-09,18.69499969482422,18.399999618530273,18.530000686645508,18.65999984741211,1964800.0,14.496353149414062
2003-10-10,18.760000228881836,18.424999237060547,18.65999984741211,18.610000610351562,1958500.0,14.457515716552734
2003-10-13,19.03499984741211,18.71500015258789,18.725000381469727,18.899999618530273,2261200.0,14.6828031539917
2003-10-14,19.239999771118164,18.709999084472656,18.899999618530273,19.239999771118164,3492800.0,14.946932792663574
2003-10-15,19.295000076293945,18.43000030517578,19.239999771118164,18.549999237060547,3438400.0,14.410895347595215
2003-10-16,18.860000610351562,18.440000534057617,18.450000762939453,18.829999923706055,2757300.0,14.683832168579102
2003-10-17,18.889999389648438,18.514999389648438,18.850000381469727,18.584999084472656,1269300.0,14.49277400970459
2003-10-20,18.9950008392334,18.584999084472656,18.584999084472656,18.860000610351562,1561200.0,14.707223892211914
2003-10-21,18.979999542236328,18.600000381469727,18.924999237060547,18.860000610351562,1795700.0,14.707223892211914
2003-10-22,18.989999771118164,18.524999618530273,18.860000610351562,18.719999313354492,1908100.0,14.598051071166992
2003-10-23,19.575000762939453,18.625,18.649999618530273,19.270000457763672,3534000.0,15.026949882507324
2003-10-24,19.149999618530273,18.6299991607666,19.125,18.81999969482422,3226400.0,14.676030158996582
2003-10-27,19.540000915527344,18.950000762939453,18.975000381469727,19.364999771118164,2082000.0,15.101029396057129
2003-10-28,19.7450008392334,19.19499969482422,19.364999771118164,19.684999465942383,2107300.0,15.350568771362305
2003-10-29,20.200000762939453,19.55500030517578,19.684999465942383,20.165000915527344,2406800.0,15.724875450134277
2003-10-30,20.375,19.850000381469727,20.075000762939453,19.899999618530273,2176500.0,15.518232345581055
2003-10-31,20.05500030517578,19.780000686645508,19.899999618530273,19.899999618530273,1710500.0,15.518232345581055
2003-11-03,20.424999237060547,20.075000762939453,20.200000762939453,20.34000015258789,2896900.0,15.861345291137695
2003-11-04,20.559999465942383,20.209999084472656,20.399999618530273,20.219999313354492,1790000.0,15.767767906188965
2003-11-05,21.030000686645508,20.03499984741211,20.219999313354492,21.024999618530273,3071600.0,16.395519256591797
2003-11-06,21.469999313354492,20.90999984741211,21.469999313354492,21.229999542236328,2450000.0,16.555376052856445
2003-11-07,20.829999923706055,19.75,20.46500015258789,19.989999771118164,5140100.0,15.58841609954834
2003-11-10,20.184999465942383,19.559999465942383,20.114999771118164,19.604999542236328,3134100.0,15.288187026977539
2003-11-11,20.434999465942383,19.450000762939453,19.604999542236328,19.989999771118164,2466500.0,15.58841609954834
2003-11-12,20.69499969482422,20.040000915527344,20.040000915527344,20.69499969482422,2224900.0,16.13818359375
2003-11-13,21.350000381469727,20.524999618530273,21.0,21.15999984741211,4469700.0,16.50078773498535
2003-11-14,21.31999969482422,20.600000381469727,21.165000915527344,20.625,2537200.0,16.08359718322754
2003-11-17,20.625,20.0049991607666,20.625,20.399999618530273,3013200.0,15.908138275146484
2003-11-18,20.940000534057617,20.475000381469727,20.475000381469727,20.53499984741211,2288900.0,16.013402938842773
2003-11-19,20.8700008392334,20.25,20.75,20.65999984741211,3026400.0,16.11088752746582
2003-11-20,21.229999542236328,20.625,20.655000686645508,20.920000076293945,2898100.0,16.31363296508789
2003-11-21,21.295000076293945,20.979999542236328,21.049999237060547,21.110000610351562,3024100.0,16.461803436279297
2003-11-24,21.850000381469727,21.299999237060547,21.325000762939453,21.774999618530273,3862400.0,16.98037338256836
2003-11-25,22.084999084472656,21.540000915527344,21.975000381469727,21.975000381469727,2756900.0,17.136329650878906
2003-11-26,22.075000762939453,21.575000762939453,22.049999237060547,21.65999984741211,2754800.0,16.890695571899414
2003-11-28,21.96500015258789,21.645000457763672,21.645000457763672,21.850000381469727,1198500.0,17.038867950439453
2003-12-01,22.575000762939453,22.1200008392334,22.149999618530273,22.530000686645508,2540400.0,17.569128036499023
2003-12-02,22.579999923706055,22.024999618530273,22.575000762939453,22.5,3278400.0,17.545745849609375
2003-12-03,22.684999465942383,21.915000915527344,22.5,21.950000762939453,3149200.0,17.116836547851562
2003-12-04,22.229999542236328,21.700000762939453,22.024999618530273,21.93000030517578,1977200.0,17.101238250732422
2003-12-05,22.100000381469727,21.75,21.774999618530273,21.829999923706055,1823300.0,17.023256301879883
2003-12-08,22.235000610351562,21.790000915527344,21.799999237060547,22.235000610351562,2238800.0,17.339088439941406
2003-12-09,22.235000610351562,21.100000381469727,22.235000610351562,21.190000534057617,2846100.0,16.52418327331543
2003-12-10,20.959999084472656,19.309999465942383,20.78499984741211,19.674999237060547,8882500.0,15.342768669128418
2003-12-11,20.625,20.0,20.0,20.3799991607666,5174800.0,15.892539024353027
2003-12-12,20.75,20.34000015258789,20.600000381469727,20.670000076293945,2994100.0,16.11868667602539
2003-12-15,21.4950008392334,20.46500015258789,21.260000228881836,20.604999542236328,4548100.0,16.0679874420166
2003-12-16,21.0,20.049999237060547,20.75,20.790000915527344,3176000.0,16.212255477905273
2003-12-17,21.40999984741211,20.69499969482422,20.850000381469727,21.344999313354492,3103700.0,16.64505386352539
2003-12-18,22.0,21.299999237060547,21.344999313354492,21.81999969482422,4252900.0,17.015460968017578
2003-12-19,22.200000762939453,21.854999542236328,22.0,22.075000762939453,3200900.0,17.214309692382812
2003-12-22,22.200000762939453,21.94499969482422,22.100000381469727,22.100000381469727,1920800.0,17.233814239501953
2003-12-23,22.149999618530273,21.7549991607666,22.0,22.075000762939453,2460900.0,17.214309692382812
2003-12-24,22.010000228881836,21.65999984741211,22.0,21.834999084472656,858400.0,17.027158737182617
2003-12-26,22.309999465942383,21.899999618530273,22.100000381469727,21.924999237060547,1002500.0,17.09734535217285
2003-12-29,22.350000381469727,22.0,22.350000381469727,22.309999465942383,2906500.0,17.39757537841797
2003-12-30,22.299999237060547,21.690000534057617,22.299999237060547,21.844999313354492,3081700.0,17.034954071044922
2003-12-31,22.0,21.350000381469727,21.875,21.6299991607666,2630900.0,16.86730194091797
2004-01-02,21.829999923706055,20.69499969482422,21.725000381469727,20.78499984741211,5452900.0,16.20836067199707
2004-01-05,21.0,19.600000381469727,20.78499984741211,20.334999084472656,7424000.0,15.85744857788086
2004-01-06,20.895000457763672,20.25,20.325000762939453,20.71500015258789,3970000.0,16.153778076171875
2004-01-07,20.78499984741211,20.024999618530273,20.760000228881836,20.649999618530273,3519700.0,16.103084564208984
2004-01-08,20.200000762939453,18.5,20.125,19.875,11858000.0,15.498733520507812
2004-01-09,20.524999618530273,20.024999618530273,20.075000762939453,20.125,4755200.0,15.693686485290527
2004-01-12,20.149999618530273,19.18000030517578,20.149999618530273,19.5,4010900.0,15.206302642822266
2004-01-13,19.612499237060547,18.622499465942383,19.575000762939453,19.31999969482422,5401700.0,15.065943717956543
2004-01-14,19.934999465942383,19.462499618530273,19.575000762939453,19.69499969482422,2970600.0,15.358359336853027
2004-01-15,20.084999084472656,19.537500381469727,20.06999969482422,19.957500457763672,2302900.0,15.563066482543945
2004-01-16,20.25,19.747499465942383,19.987499237060547,19.987499237060547,1969400.0,15.586461067199707
2004-01-20,20.399999618530273,19.612499237060547,20.399999618530273,20.040000915527344,2177800.0,15.627405166625977
2004-01-21,21.412500381469727,20.44499969482422,20.700000762939453,21.38249969482422,4592000.0,16.67429542541504
2004-01-22,21.9375,20.71500015258789,21.9375,21.4424991607666,3726000.0,16.721092224121094
2004-01-23,21.84749984741211,21.082500457763672,21.787500381469727,21.420000076293945,2650400.0,16.70353889465332
2004-01-26,21.862499237060547,21.014999389648438,21.862499237060547,21.607500076293945,3824000.0,16.849754333496094
2004-01-27,21.959999084472656,21.600000381469727,21.712499618530273,21.787500381469727,3320400.0,16.99012565612793
2004-01-28,22.125,20.684999465942383,22.125,20.8125,5286800.0,16.289623260498047
2004-01-29,21.135000228881836,20.309999465942383,20.8125,20.729999542236328,3604600.0,16.225046157836914
2004-01-30,21.1875,20.700000762939453,20.782499313354492,21.075000762939453,2178100.0,16.495075225830078
2004-02-02,21.967500686645508,21.037500381469727,21.075000762939453,21.55500030517578,3573300.0,16.870752334594727
2004-02-03,22.1924991607666,21.795000076293945,21.825000762939453,21.899999618530273,2279400.0,17.140785217285156
2004-02-04,21.862499237060547,21.0,21.862499237060547,21.09000015258789,2981300.0,16.50680923461914
2004-02-05,21.607500076293945,20.700000762939453,21.09000015258789,21.487499237060547,2283600.0,16.817935943603516
2004-02-06,22.559999465942383,21.607500076293945,21.637500762939453,22.5,2495600.0,17.61040496826172
2004-02-09,22.934999465942383,22.3125,22.5,22.575000762939453,2913200.0,17.669109344482422
2004-02-10,22.725000381469727,22.2450008392334,22.649999618530273,22.40999984741211,1556900.0,17.539958953857422
2004-02-11,23.25,22.177499771118164,22.40999984741211,22.912500381469727,3848600.0,17.933256149291992
2004-02-12,23.235000610351562,22.665000915527344,22.979999542236328,23.092500686645508,2187400.0,18.074142456054688
2004-02-13,23.4375,22.762500762939453,23.174999237060547,22.837499618530273,1785700.0,17.874561309814453
2004-02-17,24.075000762939453,23.287500381469727,23.4375,23.53499984741211,2997700.0,18.420475006103516
2004-02-18,23.25749969482422,22.78499984741211,23.25,23.092500686645508,2134900.0,18.074142456054688
2004-02-19,23.032499313354492,22.559999465942383,22.6875,22.875,3059700.0,17.90390396118164
2004-02-20,22.837499618530273,22.424999237060547,22.837499618530273,22.612499237060547,1866500.0,17.698448181152344
2004-02-23,22.912500381469727,22.2450008392334,22.635000228881836,22.31999969482422,1769800.0,17.469511032104492
2004-02-24,22.792499542236328,22.3125,22.372499465942383,22.50749969482422,1426100.0,17.616270065307617
2004-02-25,22.950000762939453,21.959999084472656,22.649999618530273,22.844999313354492,1952100.0,17.880430221557617
2004-02-26,23.25,22.387500762939453,22.514999389648438,23.212499618530273,2997300.0,18.168060302734375
2004-02-27,23.99250030517578,23.174999237060547,23.212499618530273,23.842500686645508,2112600.0,18.661151885986328
2004-03-01,24.84000015258789,24.0,24.0,24.65250015258789,3167400.0,19.295124053955078
2004-03-02,24.975000381469727,24.38249969482422,24.674999237060547,24.667499542236328,2813800.0,19.306861877441406
2004-03-03,24.727500915527344,24.232500076293945,24.667499542236328,24.697500228881836,1451800.0,19.330350875854492
2004-03-04,25.770000457763672,24.607500076293945,24.697500228881836,25.702499389648438,3936200.0,20.116947174072266
2004-03-05,26.8125,25.702499389648438,25.702499389648438,26.385000228881836,3847300.0,20.651124954223633
2004-03-08,26.6924991607666,25.8075008392334,26.385000228881836,26.100000381469727,3300400.0,20.428068161010742
2004-03-09,26.887500762939453,26.0625,26.25,26.24250030517578,2715700.0,20.53959846496582
2004-03-10,26.594999313354492,25.207500457763672,26.25,25.40999984741211,2894500.0,19.88800811767578
2004-03-11,25.9950008392334,25.012500762939453,25.049999237060547,25.440000534057617,1973400.0,19.911489486694336
2004-03-12,25.815000534057617,25.125,25.537500381469727,25.77750015258789,2129700.0,20.175647735595703
2004-03-15,26.325000762939453,25.59749984741211,25.77750015258789,25.860000610351562,3232400.0,20.240224838256836
2004-03-16,26.25,25.575000762939453,26.25,26.017499923706055,2847600.0,20.363492965698242
2004-03-17,26.212499618530273,25.21500015258789,26.017499923706055,25.920000076293945,3054400.0,20.287181854248047
2004-03-18,26.43000030517578,25.702499389648438,25.920000076293945,26.362499237060547,2240400.0,20.633522033691406
2004-03-19,26.43000030517578,25.844999313354492,26.362499237060547,25.844999313354492,1315000.0,20.228483200073242
2004-03-22,25.852500915527344,25.162500381469727,25.844999313354492,25.350000381469727,1809600.0,19.841049194335938
2004-03-23,25.7549991607666,24.967500686645508,25.424999237060547,25.604999542236328,2402800.0,20.040634155273438
2004-03-24,26.032499313354492,25.2450008392334,25.762500762939453,25.31999969482422,2301700.0,19.81757164001465
2004-03-25,26.05500030517578,25.4325008392334,25.635000228881836,25.837499618530273,1746100.0,20.222612380981445
2004-03-26,26.15250015258789,25.747499465942383,25.875,26.084999084472656,1265300.0,20.41632080078125
2004-03-29,26.392499923706055,25.829999923706055,26.287500381469727,26.0625,1812900.0,20.398704528808594
2004-03-30,26.90250015258789,25.9424991607666,25.97249984741211,26.790000915527344,1990400.0,20.96811294555664
2004-03-31,27.375,26.362499237060547,27.1875,26.572500228881836,3307700.0,20.797887802124023
2004-04-01,26.962499618530273,26.25,26.962499618530273,26.542499542236328,2177700.0,20.77439308166504
2004-04-02,26.174999237060547,25.170000076293945,25.96500015258789,25.297500610351562,4552900.0,19.79995346069336
2004-04-05,25.297500610351562,24.052499771118164,25.297500610351562,24.389999389648438,5942500.0,19.089675903320312
2004-04-06,24.802499771118164,24.389999389648438,24.389999389648438,24.547500610351562,2814400.0,19.212949752807617
2004-04-07,24.637500762939453,24.135000228881836,24.637500762939453,24.28499984741211,1669200.0,19.007492065429688
2004-04-08,24.75,23.392499923706055,24.75,23.940000534057617,2020600.0,18.73746681213379
2004-04-12,24.037500381469727,23.287500381469727,23.947500228881836,23.482500076293945,2970900.0,18.379384994506836
2004-04-13,23.520000457763672,22.424999237060547,23.482500076293945,22.920000076293945,3825600.0,17.939128875732422
2004-04-14,23.25,22.22249984741211,22.462499618530273,23.1825008392334,3470900.0,18.144573211669922
2004-04-15,23.924999237060547,23.295000076293945,23.8125,23.489999771118164,4177800.0,18.385257720947266
2004-04-16,24.112499237060547,23.5575008392334,24.0,23.827499389648438,2358400.0,18.649410247802734
2004-04-19,23.924999237060547,23.399999618530273,23.924999237060547,23.790000915527344,2180100.0,18.62006187438965
2004-04-20,23.700000762939453,22.642499923706055,23.700000762939453,22.657499313354492,3855600.0,17.733671188354492
2004-04-21,23.25749969482422,22.530000686645508,23.25749969482422,22.950000762939453,3055300.0,17.96260643005371
2004-04-22,23.81999969482422,23.190000534057617,23.497499465942383,23.760000228881836,3584900.0,18.596574783325195
2004-04-23,23.700000762939453,22.987499237060547,23.700000762939453,23.002500534057617,2101200.0,18.00369644165039
2004-04-26,23.325000762939453,22.875,22.934999465942383,22.897499084472656,2288200.0,17.9215145111084
2004-04-27,23.25,22.86750030517578,22.875,23.077499389648438,3928900.0,18.062400817871094
2004-04-28,23.077499389648438,22.020000457763672,22.950000762939453,22.274999618530273,2182900.0,17.43429946899414
2004-04-29,22.5,21.202499389648438,22.162500381469727,21.600000381469727,2982800.0,16.905981063842773
2004-04-30,21.915000915527344,21.524999618530273,21.600000381469727,21.600000381469727,1964600.0,16.905981063842773
2004-05-03,22.03499984741211,21.292499542236328,21.712499618530273,21.854999542236328,2218000.0,17.105567932128906
2004-05-04,22.1924991607666,21.532499313354492,21.854999542236328,21.6299991607666,2161300.0,16.929462432861328
2004-05-05,21.892499923706055,21.56999969482422,21.75,21.795000076293945,1462400.0,17.121932983398438
2004-05-06,21.764999389648438,21.014999389648438,21.637500762939453,21.2549991607666,2282100.0,16.697715759277344
2004-05-07,20.962499618530273,19.822500228881836,20.857500076293945,20.197500228881836,4391000.0,15.866960525512695
2004-05-10,19.9950008392334,18.94499969482422,19.5,19.177499771118164,5798200.0,15.065652847290039
2004-05-11,19.725000381469727,18.47249984741211,18.47249984741211,19.552499771118164,4250400.0,15.360243797302246
2004-05-12,19.649999618530273,18.862499237060547,19.200000762939453,19.6200008392334,3854200.0,15.413273811340332
2004-05-13,19.897499084472656,19.200000762939453,19.462499618530273,19.822500228881836,2724500.0,15.572354316711426
2004-05-14,20.174999237060547,19.822500228881836,19.844999313354492,20.077499389648438,2261400.0,15.772679328918457
2004-05-17,20.24250030517578,19.627500534057617,19.852500915527344,19.927499771118164,2624200.0,15.654842376708984
2004-05-18,20.174999237060547,19.649999618530273,19.934999465942383,20.017499923706055,1708600.0,15.72554874420166
2004-05-19,20.145000457763672,19.424999237060547,20.024999618530273,19.454999923706055,2440200.0,15.283649444580078
2004-05-20,19.68000030517578,19.065000534057617,19.575000762939453,19.267499923706055,3369300.0,15.136354446411133
2004-05-21,19.844999313354492,19.30500030517578,19.3125,19.612499237060547,2105200.0,15.407382011413574
2004-05-24,20.520000457763672,19.725000381469727,19.987499237060547,20.482500076293945,2445400.0,16.090845108032227
2004-05-25,21.8174991607666,20.174999237060547,20.482500076293945,21.787500381469727,4147700.0,17.116046905517578
2004-05-26,22.049999237060547,21.104999542236328,21.674999237060547,21.450000762939453,3468600.0,16.85090446472168
2004-05-27,22.087499618530273,21.479999542236328,21.5625,21.94499969482422,2162800.0,17.23977279663086
2004-05-28,22.282499313354492,21.577499389648438,22.02750015258789,21.674999237060547,4989000.0,17.02766227722168
2004-06-01,21.885000228881836,21.209999084472656,21.719999313354492,21.645000457763672,2255000.0,17.004087448120117
2004-06-02,21.975000381469727,21.397499084472656,21.899999618530273,21.712499618530273,1793400.0,17.057113647460938
2004-06-03,21.674999237060547,21.165000915527344,21.600000381469727,21.165000915527344,1597000.0,16.627004623413086
2004-06-04,21.719999313354492,21.082500457763672,21.719999313354492,21.479999542236328,1579400.0,16.874473571777344
2004-06-07,22.762500762939453,21.5625,21.975000381469727,22.702499389648438,2719200.0,17.834856033325195
2004-06-08,22.387500762939453,21.75,22.387500762939453,21.959999084472656,2524100.0,17.251554489135742
2004-06-09,21.959999084472656,21.239999771118164,21.959999084472656,21.247499465942383,2765000.0,16.691818237304688
2004-06-10,21.600000381469727,21.112499237060547,21.502500534057617,21.202499389648438,1535400.0,16.65646743774414
2004-06-14,21.502500534057617,20.549999237060547,21.209999084472656,20.729999542236328,2174800.0,16.285276412963867
2004-06-15,21.375,20.947500228881836,21.299999237060547,21.09000015258789,2409000.0,16.568086624145508
2004-06-16,21.375,20.5575008392334,21.09000015258789,20.684999465942383,3200400.0,16.249929428100586
2004-06-17,21.037500381469727,20.639999389648438,20.774999618530273,20.917499542236328,1708400.0,16.432580947875977
2004-06-18,21.209999084472656,20.834999084472656,20.924999237060547,20.962499618530273,1739400.0,16.46792984008789
2004-06-21,21.225000381469727,20.850000381469727,20.99250030517578,20.850000381469727,1446500.0,16.379549026489258
2004-06-22,21.1875,20.707500457763672,20.924999237060547,21.0,1700500.0,16.497390747070312
2004-06-23,21.795000076293945,20.947500228881836,20.962499618530273,21.795000076293945,1903400.0,17.121932983398438
2004-06-24,23.264999389648438,21.885000228881836,21.885000228881836,22.072500228881836,4819000.0,17.339935302734375
2004-06-25,22.40999984741211,21.899999618530273,22.162500381469727,22.274999618530273,2857800.0,17.49901580810547
2004-06-28,23.137500762939453,21.3075008392334,23.024999618530273,21.36750030517578,1928900.0,16.786096572875977
2004-06-29,21.18000030517578,20.700000762939453,20.917499542236328,20.962499618530273,2579000.0,16.46792984008789
2004-06-30,21.547500610351562,20.924999237060547,21.0,21.299999237060547,2721800.0,16.733068466186523
2004-07-01,21.450000762939453,20.940000534057617,21.292499542236328,20.969999313354492,1986800.0,16.473817825317383
2004-07-02,21.780000686645508,21.135000228881836,21.262500762939453,21.165000915527344,1997400.0,16.627004623413086
2004-07-06,21.165000915527344,20.354999542236328,20.977500915527344,20.549999237060547,2260400.0,16.143875122070312
2004-07-07,20.850000381469727,20.415000915527344,20.475000381469727,20.52750015258789,2294500.0,16.12619972229004
2004-07-08,20.44499969482422,19.424999237060547,20.4375,19.5,3759400.0,15.319002151489258
2004-07-09,19.770000457763672,19.3125,19.545000076293945,19.40250015258789,2562100.0,15.24240493774414
2004-07-12,19.68000030517578,19.012500762939453,19.424999237060547,19.537500381469727,2389000.0,15.34846305847168
2004-07-13,20.190000534057617,19.50749969482422,19.537500381469727,19.979999542236328,2117400.0,15.696086883544922
2004-07-14,20.0625,19.5,19.875,19.50749969482422,1607600.0,15.324895858764648
2004-07-15,19.717500686645508,19.424999237060547,19.575000762939453,19.6875,1700100.0,15.466302871704102
2004-07-16,20.287500381469727,19.86750030517578,19.987499237060547,19.905000686645508,1454800.0,15.637166976928711
2004-07-19,19.979999542236328,19.125,19.97249984741211,19.514999389648438,2198600.0,15.330787658691406
2004-07-20,19.6875,18.577499389648438,18.975000381469727,19.6875,3591400.0,15.466302871704102
2004-07-21,20.287500381469727,19.462499618530273,20.100000381469727,19.50749969482422,3059800.0,15.324895858764648
2004-07-22,20.137500762939453,19.469999313354492,19.50749969482422,19.987499237060547,2002800.0,15.701976776123047
2004-07-23,20.227500915527344,19.6875,19.97249984741211,19.9424991607666,1644500.0,15.666631698608398
2004-07-26,20.167499542236328,19.387500762939453,19.927499771118164,19.717500686645508,1924500.0,15.489866256713867
2004-07-27,20.227500915527344,19.350000381469727,19.987499237060547,19.927499771118164,2132900.0,15.654842376708984
2004-07-28,20.100000381469727,19.627500534057617,19.875,19.927499771118164,1405700.0,15.654842376708984
2004-07-29,20.700000762939453,19.852500915527344,19.950000762939453,20.639999389648438,2469400.0,16.214580535888672
2004-07-30,20.774999618530273,20.452499389648438,20.662500381469727,20.72249984741211,1555200.0,16.279388427734375
2004-08-02,21.225000381469727,20.399999618530273,20.4375,21.075000762939453,2522100.0,16.55631446838379
2004-08-03,21.27750015258789,20.947500228881836,21.075000762939453,21.135000228881836,2404600.0,16.603443145751953
2004-08-04,21.502500534057617,20.842500686645508,20.887500762939453,21.427499771118164,2529000.0,16.897186279296875
2004-08-05,21.975000381469727,21.09000015258789,21.74250030517578,21.09000015258789,1797000.0,16.63103675842285
2004-08-06,21.420000076293945,21.0,21.09749984741211,21.1200008392334,2427000.0,16.65470314025879
2004-08-09,21.5625,21.037500381469727,21.1200008392334,21.135000228881836,1549600.0,16.666534423828125
2004-08-10,21.75,21.135000228881836,21.135000228881836,21.75,1410200.0,17.151504516601562
2004-08-11,21.719999313354492,21.2549991607666,21.712499618530273,21.600000381469727,1642000.0,17.033218383789062
2004-08-12,21.577499389648438,21.052499771118164,21.577499389648438,21.172500610351562,1203700.0,16.69610023498535
2004-08-13,21.457500457763672,21.014999389648438,21.172500610351562,21.202499389648438,1124100.0,16.719757080078125
2004-08-16,21.84749984741211,21.209999084472656,21.209999084472656,21.84749984741211,1450600.0,17.22838592529297
2004-08-17,23.077499389648438,22.3125,22.5,22.642499923706055,3108600.0,17.855308532714844
2004-08-18,22.799999237060547,22.342500686645508,22.642499923706055,22.59749984741211,1593400.0,17.81982421875
2004-08-19,22.612499237060547,22.200000762939453,22.5,22.4325008392334,960400.0,17.689701080322266
2004-08-20,22.78499984741211,22.372499465942383,22.462499618530273,22.7549991607666,1050800.0,17.944021224975586
2004-08-23,23.43000030517578,22.424999237060547,22.7549991607666,23.212499618530273,1878200.0,18.304792404174805
2004-08-24,23.625,22.8075008392334,23.587499618530273,23.05500030517578,1908800.0,18.180591583251953
2004-08-25,23.422500610351562,22.417499542236328,23.362499237060547,22.604999542236328,1567800.0,17.825733184814453
2004-08-26,22.912500381469727,22.5,22.5,22.770000457763672,877200.0,17.955852508544922
2004-08-27,23.15250015258789,22.575000762939453,22.799999237060547,23.077499389648438,1343000.0,18.19833755493164
2004-08-30,23.047500610351562,22.537500381469727,22.889999389648438,22.612499237060547,1318900.0,17.83164405822754
2004-08-31,23.204999923706055,22.612499237060547,22.649999618530273,23.204999923706055,1697600.0,18.29888153076172
2004-09-01,23.7450008392334,23.204999923706055,23.204999923706055,23.72249984741211,1666200.0,18.706966400146484
2004-09-02,23.72249984741211,23.572500228881836,23.72249984741211,23.655000686645508,1674000.0,18.653738021850586
2004-09-03,23.850000381469727,23.512500762939453,23.579999923706055,23.670000076293945,1102000.0,18.665565490722656
2004-09-07,24.450000762939453,23.662500381469727,23.700000762939453,24.337499618530273,2402600.0,19.191940307617188
2004-09-08,24.337499618530273,23.752500534057617,24.337499618530273,23.857500076293945,2142600.0,18.813417434692383
2004-09-09,24.2549991607666,23.639999389648438,23.924999237060547,24.209999084472656,2134900.0,19.09139060974121
2004-09-10,24.299999237060547,23.940000534057617,24.209999084472656,24.135000228881836,846500.0,19.03225326538086
2004-09-13,24.584999084472656,24.104999542236328,24.104999542236328,24.547500610351562,1211600.0,19.3575439453125
2004-09-14,24.645000457763672,24.299999237060547,24.607500076293945,24.56999969482422,1116800.0,19.375286102294922
2004-09-15,24.547500610351562,24.165000915527344,24.344999313354492,24.375,1085200.0,19.221511840820312
2004-09-16,24.8700008392334,24.315000534057617,24.38249969482422,24.674999237060547,1098100.0,19.458087921142578
2004-09-17,24.75,24.46500015258789,24.600000381469727,24.600000381469727,1424600.0,19.39894676208496
2004-09-20,24.600000381469727,24.082500457763672,24.56999969482422,24.09000015258789,2023200.0,18.99675941467285
2004-09-21,25.3125,24.225000381469727,24.225000381469727,25.3125,3407000.0,19.960805892944336
2004-09-22,25.612499237060547,25.020000457763672,25.200000762939453,25.477500915527344,2948200.0,20.090906143188477
2004-09-23,25.440000534057617,24.975000381469727,25.350000381469727,25.11750030517578,2013800.0,19.807029724121094
2004-09-24,25.267499923706055,24.787500381469727,25.267499923706055,25.110000610351562,1444400.0,19.801116943359375
2004-09-27,25.747499465942383,24.697500228881836,25.03499984741211,25.350000381469727,1919400.0,19.99037742614746
2004-09-28,25.357500076293945,24.75,25.357500076293945,24.75,2020900.0,19.517230987548828
2004-09-29,24.959999084472656,24.502500534057617,24.75,24.517499923706055,1664100.0,19.333885192871094
2004-09-30,24.997499465942383,24.19499969482422,24.674999237060547,24.832500457763672,2214400.0,19.58228302001953
2004-10-01,25.22249984741211,24.592500686645508,25.22249984741211,24.704999923706055,2995000.0,19.48173713684082
2004-10-04,24.907499313354492,23.040000915527344,24.825000762939453,23.1825008392334,5175400.0,18.281129837036133
2004-10-05,22.912500381469727,22.170000076293945,22.575000762939453,22.665000915527344,4789300.0,17.8730525970459
2004-10-06,23.3174991607666,22.575000762939453,22.799999237060547,23.272499084472656,2467300.0,18.352108001708984
2004-10-07,23.4375,21.975000381469727,23.264999389648438,21.982500076293945,4151300.0,17.33484649658203
2004-10-08,22.424999237060547,21.510000228881836,22.3125,22.0049991607666,5113700.0,17.352588653564453
2004-10-11,22.139999389648438,21.262500762939453,21.9375,21.46500015258789,4274500.0,16.9267578125
2004-10-12,21.952499389648438,21.375,21.375,21.862499237060547,2993400.0,17.240222930908203
2004-10-13,21.727500915527344,20.857500076293945,21.712499618530273,21.165000915527344,3437200.0,16.690185546875
2004-10-14,21.6825008392334,21.00749969482422,21.165000915527344,21.457500457763672,3028600.0,16.92084312438965
2004-10-15,21.84000015258789,21.4424991607666,21.457500457763672,21.577499389648438,2106100.0,17.015472412109375
2004-10-18,21.584999084472656,20.99250030517578,21.577499389648438,21.4424991607666,2832400.0,16.909021377563477
2004-10-19,21.8174991607666,21.0674991607666,21.450000762939453,21.239999771118164,1953300.0,16.74932289123535
2004-10-20,21.18000030517578,20.700000762939453,21.0,20.80500030517578,3097300.0,16.406299591064453
2004-10-21,21.27750015258789,20.475000381469727,20.99250030517578,20.924999237060547,2565300.0,16.500925064086914
2004-10-22,20.887500762939453,20.399999618530273,20.864999771118164,20.707500457763672,2994800.0,16.392087936401367
2004-10-25,21.915000915527344,20.587499618530273,20.625,21.907499313354492,4089800.0,17.342004776000977
2004-10-26,23.0625,22.02750015258789,22.11750030517578,22.469999313354492,3649800.0,17.787282943725586
2004-10-27,22.799999237060547,21.989999771118164,22.522499084472656,22.6200008392334,2942100.0,17.906028747558594
2004-10-28,22.889999389648438,22.5,22.559999465942383,22.665000915527344,1172800.0,17.941648483276367
2004-10-29,22.822500228881836,22.21500015258789,22.612499237060547,22.5,1742100.0,17.811033248901367
2004-11-01,22.799999237060547,22.454999923706055,22.6875,22.717500686645508,1867800.0,17.98320198059082
2004-11-02,23.05500030517578,22.627500534057617,22.815000534057617,22.88249969482422,1972500.0,18.113815307617188
2004-11-03,23.422500610351562,23.0625,23.25,23.392499923706055,2595800.0,18.517532348632812
2004-11-04,23.422500610351562,22.49250030517578,22.5,23.362499237060547,3000800.0,18.493791580200195
2004-11-05,23.415000915527344,22.575000762939453,23.362499237060547,22.852500915527344,2273000.0,18.090068817138672
2004-11-08,23.295000076293945,22.950000762939453,22.950000762939453,23.25,1912500.0,18.40472412109375
2004-11-09,24.1875,23.572500228881836,23.61750030517578,23.81999969482422,4785800.0,18.855945587158203
2004-11-10,24.600000381469727,23.8125,24.524999618530273,23.850000381469727,3968100.0,18.87969207763672
2004-11-11,24.479999542236328,24.0,24.1875,24.27750015258789,5532200.0,19.218095779418945
2004-11-12,25.927499771118164,24.517499923706055,24.712499618530273,25.844999313354492,4426600.0,20.45893669128418
2004-11-15,26.44499969482422,25.604999542236328,25.905000686645508,26.227500915527344,2466800.0,20.7617244720459
2004-11-16,26.06999969482422,25.552499771118164,26.0625,25.96500015258789,2425700.0,20.553926467895508
2004-11-17,26.549999237060547,25.815000534057617,26.25,26.25749969482422,1920500.0,20.785472869873047
2004-11-18,26.625,26.084999084472656,26.25749969482422,26.377500534057617,1972800.0,20.880468368530273
2004-11-19,26.362499237060547,25.290000915527344,26.287500381469727,25.7549991607666,2629300.0,20.3876895904541
2004-11-22,26.5575008392334,25.770000457763672,25.987499237060547,26.5575008392334,2187200.0,21.02294921875
2004-11-23,26.774999618530273,26.15250015258789,26.512500762939453,26.774999618530273,2073300.0,21.195119857788086
2004-11-24,27.165000915527344,26.625,26.625,27.104999542236328,1732800.0,21.456348419189453
2004-11-26,27.457500457763672,26.782499313354492,26.962499618530273,27.082500457763672,713300.0,21.438541412353516
2004-11-29,27.082500457763672,25.612499237060547,27.082500457763672,26.407499313354492,2600400.0,20.904207229614258
2004-11-30,26.790000915527344,26.235000610351562,26.25,26.407499313354492,2195800.0,20.904207229614258
2004-12-01,27.262500762939453,26.71500015258789,26.924999237060547,27.262500762939453,2282500.0,21.581026077270508
2004-12-02,27.082500457763672,26.362499237060547,27.075000762939453,26.467500686645508,2120800.0,20.95170783996582
2004-12-03,27.412500381469727,26.90999984741211,27.0,27.262500762939453,2596400.0,21.581026077270508
2004-12-06,27.637500762939453,26.947500228881836,27.149999618530273,27.47249984741211,2425000.0,21.747264862060547
2004-12-07,27.712499618530273,27.135000228881836,27.547500610351562,27.18000030517578,2897600.0,21.51572608947754
2004-12-08,27.457500457763672,26.63249969482422,27.412500381469727,26.737499237060547,1682200.0,21.16543197631836
2004-12-09,28.40250015258789,26.924999237060547,27.487499237060547,28.357500076293945,3275200.0,22.44783592224121
2004-12-10,29.947500228881836,28.485000610351562,28.575000762939453,29.467500686645508,3793800.0,23.326505661010742
2004-12-13,29.662500381469727,29.204999923706055,29.655000686645508,29.549999237060547,1862800.0,23.391809463500977
2004-12-14,29.8799991607666,29.264999389648438,29.625,29.827499389648438,2668200.0,23.61148452758789
2004-12-15,31.40999984741211,30.0674991607666,30.149999618530273,31.020000457763672,3247700.0,24.555471420288086
2004-12-16,31.020000457763672,29.399999618530273,31.020000457763672,29.774999618530273,5627600.0,23.569929122924805
2004-12-17,30.299999237060547,29.280000686645508,29.774999618530273,29.767499923706055,2450500.0,23.563987731933594
2004-12-20,30.299999237060547,29.565000534057617,30.299999237060547,29.677499771118164,1567000.0,23.492752075195312
2004-12-21,30.030000686645508,29.482500076293945,29.737499237060547,29.700000762939453,1470800.0,23.51055908203125
2004-12-22,30.645000457763672,29.969999313354492,30.0,30.142499923706055,1616900.0,23.860843658447266
2004-12-23,30.487499237060547,29.459999084472656,30.450000762939453,29.857500076293945,1437700.0,23.635238647460938
2004-12-27,30.149999618530273,28.920000076293945,30.149999618530273,29.362499237060547,1539800.0,23.2434024810791
2004-12-28,30.014999389648438,29.392499923706055,29.392499923706055,29.90999984741211,1542500.0,23.676788330078125
2004-12-29,30.172500610351562,29.610000610351562,29.954999923706055,29.895000457763672,1603800.0,23.664926528930664
2004-12-30,30.315000534057617,29.677499771118164,29.774999618530273,30.239999771118164,914400.0,23.938018798828125
2004-12-31,30.540000915527344,30.1200008392334,30.487499237060547,30.232500076293945,1018600.0,23.932085037231445
2005-01-03,30.5625,29.15999984741211,30.5625,29.512500762939453,2376900.0,23.36213493347168
2005-01-04,29.44499969482422,27.487499237060547,29.4375,28.207500457763672,3392500.0,22.329090118408203
2005-01-05,28.657499313354492,27.434999465942383,28.395000457763672,27.600000381469727,3318000.0,21.848194122314453
2005-01-06,28.162500381469727,27.502500534057617,27.600000381469727,28.155000686645508,3092800.0,22.287534713745117
2005-01-07,28.635000228881836,27.6825008392334,28.155000686645508,28.094999313354492,2016000.0,22.240036010742188
2005-01-10,29.549999237060547,28.327499389648438,28.424999237060547,29.190000534057617,2579400.0,23.106834411621094
2005-01-11,29.737499237060547,29.15999984741211,29.287500381469727,29.174999237060547,3167800.0,23.094972610473633
2005-01-12,29.0625,28.424999237060547,29.024999618530273,29.0625,2274400.0,23.00591468811035
2005-01-13,30.854999542236328,29.302499771118164,29.512500762939453,30.420000076293945,3114200.0,24.080516815185547
2005-01-14,30.9375,30.1200008392334,30.524999618530273,30.712499618530273,3187200.0,24.312053680419922
2005-01-18,30.854999542236328,30.420000076293945,30.75749969482422,30.600000381469727,2889800.0,24.222999572753906
2005-01-19,31.424999237060547,30.5625,30.637500762939453,30.75,3271700.0,24.34174346923828
2005-01-20,30.75,29.34749984741211,30.75,29.415000915527344,3682900.0,23.28495216369629
2005-01-21,29.924999237060547,29.092500686645508,29.924999237060547,29.092500686645508,2434500.0,23.029659271240234
2005-01-24,29.872499465942383,29.235000610351562,29.399999618530273,29.520000457763672,3006600.0,23.368070602416992
2005-01-25,29.924999237060547,29.332500457763672,29.549999237060547,29.392499923706055,2161700.0,23.267141342163086
2005-01-26,29.760000228881836,29.25,29.325000762939453,29.662500381469727,2850400.0,23.55298614501953
2005-01-27,29.707500457763672,29.017499923706055,29.670000076293945,29.077499389648438,2347300.0,23.08847427368164
2005-01-28,29.542499542236328,29.032499313354492,29.272499084472656,29.227500915527344,2539200.0,23.207582473754883
2005-01-31,29.842500686645508,28.575000762939453,29.325000762939453,29.834999084472656,2663000.0,23.689958572387695
2005-02-01,30.84749984741211,29.962499618530273,29.962499618530273,30.787500381469727,2698500.0,24.44627571105957
2005-02-02,30.84749984741211,30.157499313354492,30.787500381469727,30.299999237060547,1703300.0,24.059192657470703
2005-02-03,31.162500381469727,29.90999984741211,30.037500381469727,30.457500457763672,2892800.0,24.184249877929688
2005-02-04,32.880001068115234,30.84000015258789,30.84000015258789,32.880001068115234,5100800.0,26.107789993286133
2005-02-07,33.20249938964844,32.45249938964844,32.92499923706055,32.744998931884766,2748900.0,26.0006046295166
2005-02-08,33.75,33.07500076293945,33.07500076293945,33.712501525878906,3358200.0,26.768823623657227
2005-02-09,34.162498474121094,33.00749969482422,33.974998474121094,33.022499084472656,2834800.0,26.220935821533203
2005-02-10,33.375,32.474998474121094,33.029998779296875,33.09000015258789,2111700.0,26.274538040161133
2005-02-11,32.52000045776367,31.5674991607666,32.212501525878906,32.29499816894531,4093300.0,25.643287658691406
2005-02-14,32.54999923706055,31.559999465942383,32.4375,31.582500457763672,2509800.0,25.07753562927246
2005-02-15,31.417499542236328,30.450000762939453,31.274999618530273,31.0575008392334,5783800.0,24.660661697387695
2005-02-16,31.979999542236328,30.93000030517578,31.6875,31.837499618530273,3085800.0,25.280006408691406
2005-02-17,32.42250061035156,31.627500534057617,31.844999313354492,31.96500015258789,2462500.0,25.381254196166992
2005-02-18,31.97249984741211,30.885000228881836,31.96500015258789,31.725000381469727,2134500.0,25.190689086914062
2005-02-22,31.709999084472656,30.329999923706055,31.665000915527344,30.375,2155300.0,24.118741989135742
2005-02-23,31.11750030517578,30.1200008392334,30.787500381469727,30.532499313354492,2524400.0,24.243797302246094
2005-02-24,32.04750061035156,30.592500686645508,30.712499618530273,32.01750183105469,2598800.0,25.422937393188477
2005-02-25,33.75749969482422,31.6875,32.01750183105469,33.75749969482422,3723300.0,26.804550170898438
2005-02-28,33.9375,32.25,33.75749969482422,32.81999969482422,3402400.0,26.060148239135742
2005-03-01,33.45750045776367,32.81999969482422,32.82749938964844,33.1875,3664100.0,26.351947784423828
2005-03-02,32.939998626708984,32.287498474121094,32.8125,32.377498626708984,1894900.0,25.708791732788086
2005-03-03,33.224998474121094,32.35499954223633,33.07500076293945,32.415000915527344,2354900.0,25.738567352294922
2005-03-04,34.125,33.01499938964844,33.224998474121094,34.125,2279200.0,27.09636116027832
2005-03-07,34.57500076293945,33.67499923706055,34.50749969482422,33.810001373291016,2305300.0,26.846248626708984
2005-03-08,33.36750030517578,32.625,33.07500076293945,32.662498474121094,2299800.0,25.935087203979492
2005-03-09,31.822500228881836,31.087499618530273,31.5,31.125,4465200.0,24.71426010131836
2005-03-10,31.59749984741211,30.209999084472656,31.3125,30.772499084472656,4424800.0,24.434364318847656
2005-03-11,31.31999969482422,30.510000228881836,30.780000686645508,30.8174991607666,2496400.0,24.470094680786133
2005-03-14,30.9375,30.1875,30.825000762939453,30.764999389648438,2831700.0,24.428407669067383
2005-03-15,31.6875,30.5625,31.200000762939453,30.5625,3205800.0,24.267627716064453
2005-03-16,31.274999618530273,30.344999313354492,31.237499237060547,30.420000076293945,2434000.0,24.15447998046875
2005-03-17,31.25,29.770000457763672,31.25,30.280000686645508,2857500.0,24.043310165405273
2005-03-18,30.93000030517578,30.1200008392334,30.600000381469727,30.190000534057617,2322400.0,23.971843719482422
2005-03-21,30.68000030517578,29.56999969482422,30.0,30.280000686645508,1742400.0,24.043310165405273
2005-03-22,31.420000076293945,29.770000457763672,30.690000534057617,29.90999984741211,3078000.0,23.749515533447266
2005-03-23,29.850000381469727,29.049999237060547,29.850000381469727,29.190000534057617,2500800.0,23.177806854248047
2005-03-24,30.3799991607666,29.420000076293945,29.440000534057617,29.809999465942383,2104100.0,23.67011070251465
2005-03-28,30.239999771118164,29.299999237060547,30.0,29.549999237060547,1811000.0,23.463659286499023
2005-03-29,29.940000534057617,28.850000381469727,29.5,28.8799991607666,2250300.0,22.931663513183594
2005-03-30,29.469999313354492,28.81999969482422,28.8799991607666,29.030000686645508,2079800.0,23.050765991210938
2005-03-31,29.850000381469727,29.170000076293945,29.299999237060547,29.239999771118164,2441100.0,23.217510223388672
2005-04-01,30.739999771118164,29.75,30.5,30.139999389648438,3006500.0,23.932144165039062
2005-04-04,30.850000381469727,29.760000228881836,30.270000457763672,30.549999237060547,2520300.0,24.257692337036133
2005-04-05,31.010000228881836,30.270000457763672,30.6299991607666,30.270000457763672,2264800.0,24.03536033630371
2005-04-06,30.270000457763672,29.309999465942383,30.270000457763672,29.399999618530273,2562500.0,23.34456443786621
2005-04-07,30.209999084472656,29.399999618530273,29.40999984741211,29.5,2555500.0,23.4239501953125
2005-04-08,29.809999465942383,29.079999923706055,29.649999618530273,29.09000015258789,2058300.0,23.098407745361328
2005-04-11,29.450000762939453,28.649999618530273,29.450000762939453,28.709999084472656,2838600.0,22.796669006347656
2005-04-12,30.0,28.40999984741211,28.75,29.670000076293945,4039700.0,23.558950424194336
2005-04-13,29.969999313354492,28.93000030517578,29.969999313354492,29.0,2525200.0,23.026945114135742
2005-04-14,29.200000762939453,27.5,29.200000762939453,27.729999542236328,2936000.0,22.018529891967773
2005-04-15,28.079999923706055,26.829999923706055,28.0,26.90999984741211,2782300.0,21.367416381835938
2005-04-18,27.799999237060547,27.100000381469727,27.399999618530273,27.459999084472656,3137700.0,21.804140090942383
2005-04-19,29.6200008392334,27.639999389648438,28.0,28.770000457763672,4440200.0,22.844318389892578
2005-04-20,29.270000457763672,28.5,29.0,28.670000076293945,4455000.0,22.76491355895996
2005-04-21,29.690000534057617,28.75,28.850000381469727,29.540000915527344,3365100.0,23.45572280883789
2005-04-22,30.010000228881836,29.040000915527344,29.700000762939453,29.239999771118164,2789000.0,23.217510223388672
2005-04-25,30.280000686645508,29.530000686645508,29.690000534057617,30.079999923706055,2453800.0,23.884496688842773
2005-04-26,31.3700008392334,30.079999923706055,30.100000381469727,30.360000610351562,3586900.0,24.106828689575195
2005-04-27,30.479999542236328,29.899999618530273,30.200000762939453,30.3799991607666,2166300.0,24.12270736694336
2005-04-28,30.649999618530273,29.5,30.3799991607666,29.6299991607666,2576700.0,23.52718162536621
2005-04-29,30.549999237060547,29.420000076293945,30.190000534057617,30.5,2847600.0,24.21799659729004
2005-05-02,31.200000762939453,30.299999237060547,31.100000381469727,30.65999984741211,2497700.0,24.345041275024414
2005-05-03,30.979999542236328,30.3700008392334,30.65999984741211,30.549999237060547,2532600.0,24.257692337036133
2005-05-04,30.950000762939453,30.09000015258789,30.459999084472656,30.950000762939453,3360100.0,24.647926330566406
2005-05-05,31.59000015258789,30.709999084472656,30.979999542236328,31.360000610351562,3110700.0,24.974441528320312
2005-05-06,32.150001525878906,30.969999313354492,31.360000610351562,32.13999938964844,2644800.0,25.59561538696289
2005-05-09,32.439998626708984,31.850000381469727,32.43000030517578,32.099998474121094,1801000.0,25.563756942749023
2005-05-10,32.08000183105469,31.299999237060547,31.950000762939453,31.3799991607666,1502700.0,24.99036979675293
2005-05-11,31.989999771118164,31.209999084472656,31.649999618530273,31.690000534057617,1823900.0,25.237239837646484
2005-05-12,32.63999938964844,30.56999969482422,31.799999237060547,30.610000610351562,2589000.0,24.37714958190918
2005-05-13,30.75,29.559999465942383,30.75,29.989999771118164,2136100.0,23.88339614868164
2005-05-16,31.219999313354492,29.989999771118164,29.989999771118164,31.219999313354492,2000300.0,24.862939834594727
2005-05-17,31.700000762939453,30.6200008392334,31.219999313354492,31.59000015258789,1532100.0,25.15760040283203
2005-05-18,33.400001525878906,32.470001220703125,32.470001220703125,32.88999938964844,3496500.0,26.192907333374023
2005-05-19,33.099998474121094,32.4900016784668,32.88999938964844,32.4900016784668,2602600.0,25.87434959411621
2005-05-20,32.5,32.040000915527344,32.099998474121094,32.400001525878906,1824500.0,25.802669525146484
2005-05-23,33.41999816894531,32.650001525878906,32.650001525878906,33.15999984741211,1578700.0,26.407920837402344
2005-05-24,33.47999954223633,32.79999923706055,33.25,33.13999938964844,1236900.0,26.39198875427246
2005-05-25,33.220001220703125,32.75,33.150001525878906,33.130001068115234,1617700.0,26.38402557373047
2005-05-26,34.83000183105469,33.849998474121094,34.25,34.720001220703125,2752200.0,27.650270462036133
2005-05-27,34.97999954223633,34.16999816894531,34.900001525878906,34.58000183105469,1313400.0,27.538774490356445
2005-05-31,34.900001525878906,34.349998474121094,34.68000030517578,34.56999969482422,1795700.0,27.53081512451172
2005-06-01,35.95000076293945,34.20000076293945,34.56999969482422,35.560001373291016,2465500.0,28.31924057006836
2005-06-02,35.93000030517578,35.349998474121094,35.599998474121094,35.84000015258789,1507900.0,28.54222297668457
2005-06-03,35.9900016784668,34.9900016784668,35.97999954223633,35.06999969482422,1955300.0,27.929006576538086
2005-06-06,35.380001068115234,34.7599983215332,35.099998474121094,35.25,1181600.0,28.072349548339844
2005-06-07,35.63999938964844,35.0,35.400001525878906,35.439998626708984,1526100.0,28.22365379333496
2005-06-08,35.59000015258789,34.20000076293945,35.5,34.369998931884766,1546600.0,27.37152862548828
2005-06-09,35.150001525878906,33.939998626708984,34.31999969482422,34.66999816894531,1710000.0,27.610448837280273
2005-06-10,35.06999969482422,34.0099983215332,34.75,34.18000030517578,1377200.0,27.220233917236328
2005-06-13,34.29999923706055,33.66999816894531,34.029998779296875,34.25,1327700.0,27.275962829589844
2005-06-14,34.779998779296875,34.2400016784668,34.25,34.7400016784668,1938500.0,27.66619873046875
2005-06-15,36.20000076293945,35.0,35.099998474121094,36.189998626708984,2471300.0,28.820934295654297
2005-06-16,37.0,36.29999923706055,36.849998474121094,36.5,2650700.0,29.067829132080078
2005-06-17,39.20000076293945,37.15999984741211,38.25,37.459999084472656,5059000.0,29.832353591918945
2005-06-20,37.349998474121094,36.38999938964844,37.349998474121094,36.93000030517578,2108000.0,29.410261154174805
2005-06-21,37.65999984741211,36.95000076293945,37.400001525878906,37.18000030517578,2713100.0,29.609373092651367
2005-06-22,37.63999938964844,36.58000183105469,37.31999969482422,36.900001525878906,2149200.0,29.386384963989258
2005-06-23,38.150001525878906,36.70000076293945,37.900001525878906,36.880001068115234,3472700.0,29.370454788208008
2005-06-24,36.9900016784668,35.650001525878906,36.849998474121094,35.650001525878906,3704100.0,28.390907287597656
2005-06-27,36.720001220703125,35.5,35.61000061035156,36.5,3226900.0,29.067829132080078
2005-06-28,37.65999984741211,36.900001525878906,36.95000076293945,37.630001068115234,2313200.0,29.96772575378418
2005-06-29,37.95000076293945,37.27000045776367,37.79999923706055,37.439998626708984,2974300.0,29.816408157348633
2005-06-30,38.13999938964844,37.459999084472656,37.54999923706055,37.61000061035156,2834600.0,29.951805114746094
2005-07-01,37.88999938964844,37.11000061035156,37.63999938964844,37.52000045776367,22649500.0,29.880130767822266
2005-07-05,37.880001068115234,36.939998626708984,37.13999938964844,37.880001068115234,3548900.0,30.16682243347168
2005-07-06,38.63999938964844,38.0,38.04999923706055,38.099998474121094,3089500.0,30.342023849487305
2005-07-07,40.58000183105469,37.779998779296875,38.11000061035156,39.650001525878906,5742200.0,31.576431274414062
2005-07-08,40.0,39.439998626708984,39.790000915527344,39.959999084472656,3012000.0,31.823291778564453
2005-07-11,41.59000015258789,40.189998626708984,40.5,40.93000030517578,2512600.0,32.595787048339844
2005-07-12,41.7400016784668,40.880001068115234,40.93000030517578,41.5,2573000.0,33.049720764160156
2005-07-13,41.5099983215332,40.91999816894531,41.5,41.099998474121094,1748900.0,32.731170654296875
2005-07-14,41.68000030517578,40.0099983215332,41.45000076293945,40.41999816894531,2446200.0,32.189640045166016
2005-07-15,41.5,40.560001373291016,40.650001525878906,41.459999084472656,1546700.0,33.01786804199219
2005-07-18,41.540000915527344,40.97999954223633,41.439998626708984,41.33000183105469,1640300.0,32.91433334350586
2005-07-19,41.900001525878906,40.939998626708984,41.33000183105469,41.779998779296875,2110800.0,33.27269744873047
2005-07-20,42.81999969482422,41.58000183105469,41.959999084472656,42.11000061035156,3019700.0,33.53550720214844
2005-07-21,41.650001525878906,40.540000915527344,41.630001068115234,40.709999084472656,4712500.0,32.42057418823242
2005-07-22,41.959999084472656,40.88999938964844,41.29999923706055,41.939998626708984,2730800.0,33.400115966796875
2005-07-25,42.189998626708984,40.41999816894531,41.95000076293945,40.54999923706055,2433300.0,32.29317092895508
2005-07-26,40.52000045776367,39.54999923706055,40.4900016784668,40.400001525878906,4053700.0,32.17369842529297
2005-07-27,41.09000015258789,39.77000045776367,40.5,40.97999954223633,2555800.0,32.635597229003906
2005-07-28,42.2400016784668,41.220001220703125,41.45000076293945,42.08000183105469,2464300.0,33.51162338256836
2005-07-29,42.22999954223633,41.0,42.20000076293945,41.08000183105469,1717700.0,32.715240478515625
2005-08-01,41.470001220703125,40.0099983215332,41.38999938964844,41.369998931884766,2886600.0,32.94618225097656
2005-08-02,41.9900016784668,41.119998931884766,41.400001525878906,41.619998931884766,1872000.0,33.1452751159668
2005-08-03,41.400001525878906,40.650001525878906,41.400001525878906,40.779998779296875,1351100.0,32.546695709228516
2005-08-04,41.060001373291016,40.029998779296875,40.29999923706055,40.45000076293945,2849200.0,32.283329010009766
2005-08-05,40.0099983215332,37.27000045776367,40.0,38.45000076293945,6715700.0,30.68711280822754
2005-08-08,38.38999938964844,36.09000015258789,37.68000030517578,36.7599983215332,5306700.0,29.338314056396484
2005-08-09,37.40999984741211,36.220001220703125,37.20000076293945,36.91999816894531,3908400.0,29.466022491455078
2005-08-10,37.58000183105469,36.40999984741211,37.400001525878906,36.65999984741211,2181300.0,29.258512496948242
2005-08-11,37.220001220703125,36.29999923706055,36.849998474121094,36.54999923706055,2719600.0,29.170732498168945
2005-08-12,36.040000915527344,35.349998474121094,36.0,35.86000061035156,3145900.0,28.62002944946289
2005-08-15,36.13999938964844,35.209999084472656,35.54999923706055,36.11000061035156,3557600.0,28.819549560546875
2005-08-16,36.310001373291016,35.54999923706055,36.0,35.779998779296875,2243100.0,28.55617904663086
2005-08-17,35.459999084472656,34.75,35.45000076293945,35.29999923706055,3008600.0,28.173093795776367
2005-08-18,35.630001068115234,34.900001525878906,35.27000045776367,35.41999816894531,2841200.0,28.268863677978516
2005-08-19,35.54999923706055,34.7599983215332,35.41999816894531,35.0099983215332,2768400.0,27.9416446685791
2005-08-22,35.2599983215332,34.5,35.06999969482422,35.06999969482422,2482100.0,27.989532470703125
2005-08-23,35.189998626708984,34.20000076293945,35.08000183105469,34.91999816894531,2757000.0,27.869808197021484
2005-08-24,36.349998474121094,34.470001220703125,34.77000045776367,35.310001373291016,3441400.0,28.181066513061523
2005-08-25,36.029998779296875,35.09000015258789,35.5099983215332,35.209999084472656,3086000.0,28.10126495361328
2005-08-26,35.369998931884766,34.22999954223633,35.25,34.400001525878906,3598300.0,27.454803466796875
2005-08-29,34.15999984741211,33.34000015258789,33.79999923706055,33.77000045776367,3713500.0,26.951995849609375
2005-08-30,34.63999938964844,33.540000915527344,33.54999923706055,34.45000076293945,2790600.0,27.494707107543945
2005-08-31,36.95000076293945,34.349998474121094,34.349998474121094,36.91999816894531,5011600.0,29.466022491455078
2005-09-01,37.40999984741211,36.54999923706055,37.150001525878906,37.060001373291016,3695400.0,29.577754974365234
2005-09-02,37.349998474121094,36.45000076293945,37.15999984741211,36.7400016784668,1674900.0,29.322364807128906
2005-09-06,38.279998779296875,36.880001068115234,36.880001068115234,38.279998779296875,2357100.0,30.551433563232422
2005-09-07,38.45000076293945,37.9900016784668,38.290000915527344,38.2599983215332,2415400.0,30.535480499267578
2005-09-08,37.38999938964844,36.349998474121094,36.56999969482422,37.38999938964844,4316600.0,29.841136932373047
2005-09-09,38.599998474121094,37.7400016784668,37.7599983215332,38.58000183105469,2735500.0,30.790876388549805
2005-09-12,38.91999816894531,37.880001068115234,38.5,38.15999984741211,2106000.0,30.455677032470703
2005-09-13,38.43000030517578,37.869998931884766,38.349998474121094,38.31999969482422,1561200.0,30.583370208740234
2005-09-14,38.529998779296875,37.529998779296875,37.900001525878906,37.97999954223633,1981200.0,30.312015533447266
2005-09-15,38.47999954223633,37.59000015258789,37.97999954223633,37.630001068115234,2279400.0,30.032670974731445
2005-09-16,37.63999938964844,36.119998931884766,37.630001068115234,36.25,3707600.0,28.931291580200195
2005-09-19,36.5099983215332,35.08000183105469,36.2599983215332,36.27000045776367,3078500.0,28.947250366210938
2005-09-20,36.439998626708984,34.279998779296875,36.27000045776367,34.33000183105469,3935000.0,27.3989315032959
2005-09-21,35.040000915527344,34.060001373291016,34.9900016784668,34.18000030517578,3529100.0,27.27921485900879
2005-09-22,35.400001525878906,34.16999816894531,34.209999084472656,34.900001525878906,2611000.0,27.85385513305664
2005-09-23,35.400001525878906,34.29999923706055,34.900001525878906,35.150001525878906,1848900.0,28.05337905883789
2005-09-26,36.0099983215332,35.189998626708984,35.20000076293945,35.56999969482422,2092400.0,28.388565063476562
2005-09-27,36.13999938964844,35.029998779296875,35.84000015258789,35.5,2305900.0,28.332712173461914
2005-09-28,35.75,34.2599983215332,35.5,34.959999084472656,2392600.0,27.90174102783203
2005-09-29,35.849998474121094,34.790000915527344,35.0,35.849998474121094,3675700.0,28.61205291748047
2005-09-30,36.61000061035156,35.77000045776367,35.79999923706055,36.220001220703125,2151600.0,28.907352447509766
2005-10-03,37.04999923706055,36.349998474121094,36.349998474121094,37.0099983215332,3285300.0,29.537839889526367
2005-10-04,36.90999984741211,35.119998931884766,36.90999984741211,35.20000076293945,2796700.0,28.093278884887695
2005-10-05,35.20000076293945,33.56999969482422,35.20000076293945,34.36000061035156,3809900.0,27.422866821289062
2005-10-06,34.20000076293945,32.04999923706055,34.150001525878906,32.599998474121094,4589400.0,26.018205642700195
2005-10-07,33.58000183105469,32.77000045776367,33.0,33.18000030517578,2284700.0,26.48110580444336
2005-10-10,33.27000045776367,31.3700008392334,33.27000045776367,31.81999969482422,3578800.0,25.395687103271484
2005-10-11,33.20000076293945,31.5,33.04999923706055,31.770000457763672,6641200.0,25.355783462524414
2005-10-12,31.979999542236328,30.950000762939453,31.770000457763672,31.3700008392334,3471300.0,25.036540985107422
2005-10-13,31.600000381469727,30.719999313354492,31.360000610351562,31.299999237060547,4312300.0,24.980670928955078
2005-10-14,32.130001068115234,31.329999923706055,32.0,31.389999389648438,3223400.0,25.052499771118164
2005-10-17,31.969999313354492,31.030000686645508,31.3799991607666,31.489999771118164,2477700.0,25.132307052612305
2005-10-18,31.5,30.149999618530273,31.489999771118164,30.34000015258789,3894700.0,24.283899307250977
2005-10-19,32.0,29.450000762939453,30.100000381469727,31.989999771118164,5410000.0,25.604549407958984
2005-10-20,31.959999084472656,30.299999237060547,31.809999465942383,30.739999771118164,4155400.0,24.60405158996582
2005-10-21,31.479999542236328,30.709999084472656,30.989999771118164,31.010000228881836,2820500.0,24.820159912109375
2005-10-24,31.90999984741211,31.09000015258789,31.09000015258789,31.84000015258789,2644400.0,25.484481811523438
2005-10-25,31.889999389648438,30.639999389648438,31.850000381469727,30.920000076293945,2723400.0,24.74812889099121
2005-10-26,30.90999984741211,30.040000915527344,30.899999618530273,30.06999969482422,3428400.0,24.06778907775879
2005-10-27,30.139999389648438,28.780000686645508,30.06999969482422,28.809999465942383,4106800.0,23.059295654296875
2005-10-28,29.940000534057617,28.959999084472656,29.100000381469727,29.780000686645508,2360700.0,23.835676193237305
2005-10-31,30.850000381469727,29.889999389648438,30.049999237060547,30.690000534057617,2532000.0,24.564037322998047
2005-11-01,31.360000610351562,30.229999542236328,30.610000610351562,31.15999984741211,3050000.0,24.940223693847656
2005-11-02,33.279998779296875,31.1200008392334,31.280000686645508,33.09000015258789,4588200.0,26.484970092773438
2005-11-03,34.97999954223633,32.939998626708984,34.400001525878906,33.43000030517578,6538400.0,26.75710105895996
2005-11-04,33.79999923706055,32.900001525878906,33.43000030517578,33.130001068115234,3601100.0,26.51698875427246
2005-11-07,34.0,32.83000183105469,33.29999923706055,33.75,2221500.0,27.01323127746582
2005-11-08,31.450000762939453,30.100000381469727,30.100000381469727,30.600000381469727,7099300.0,24.492000579833984
2005-11-09,31.309999465942383,30.420000076293945,31.200000762939453,30.600000381469727,2899000.0,24.492000579833984
2005-11-10,32.06999969482422,30.489999771118164,30.760000228881836,32.0099983215332,2526500.0,25.62055015563965
2005-11-11,32.97999954223633,31.920000076293945,31.93000030517578,32.560001373291016,2729200.0,26.06076431274414
2005-11-14,32.70000076293945,32.0099983215332,32.470001220703125,32.40999984741211,1813400.0,25.940702438354492
2005-11-15,32.9900016784668,31.90999984741211,32.25,32.310001373291016,2787300.0,25.86067008972168
2005-11-16,33.5,31.860000610351562,33.20000076293945,33.06999969482422,4861800.0,26.46895980834961
2005-11-17,35.400001525878906,32.86000061035156,32.900001525878906,34.959999084472656,4450300.0,27.98171043395996
2005-11-18,35.5,34.5,35.5,34.810001373291016,3351200.0,27.861656188964844
2005-11-21,36.47999954223633,34.849998474121094,34.97999954223633,36.13999938964844,3558900.0,28.92617416381836
2005-11-22,37.04999923706055,35.45000076293945,36.13999938964844,36.88999938964844,4037000.0,29.526458740234375
2005-11-23,37.400001525878906,36.5,36.70000076293945,36.66999816894531,2018400.0,29.350387573242188
2005-11-25,36.959999084472656,36.43000030517578,36.65999984741211,36.619998931884766,829600.0,29.310354232788086
2005-11-28,36.529998779296875,35.439998626708984,36.52000045776367,35.56999969482422,3582100.0,28.46993637084961
2005-11-29,36.9900016784668,35.290000915527344,35.7599983215332,35.5,3487000.0,28.41391944885254
2005-11-30,36.33000183105469,35.439998626708984,35.650001525878906,35.439998626708984,2574800.0,28.365888595581055
2005-12-01,36.130001068115234,35.52000045776367,35.959999084472656,36.0099983215332,2177200.0,28.82212257385254
2005-12-02,36.54999923706055,35.900001525878906,36.06999969482422,36.52000045776367,1629400.0,29.23033332824707
2005-12-05,36.529998779296875,35.79999923706055,36.52000045776367,36.31999969482422,1260800.0,29.07025146484375
2005-12-06,36.81999969482422,36.099998474121094,36.45000076293945,36.400001525878906,1616800.0,29.13427734375
2005-12-07,36.47999954223633,34.900001525878906,36.38999938964844,35.060001373291016,1825800.0,28.061738967895508
2005-12-08,36.040000915527344,34.2400016784668,35.099998474121094,35.810001373291016,2518800.0,28.66203498840332
2005-12-09,35.849998474121094,35.0,35.810001373291016,35.439998626708984,1330700.0,28.365888595581055
2005-12-12,36.130001068115234,35.56999969482422,35.689998626708984,36.09000015258789,1644000.0,28.886140823364258
2005-12-13,36.9900016784668,35.630001068115234,36.02000045776367,36.810001373291016,2510500.0,29.46243667602539
2005-12-14,38.150001525878906,36.88999938964844,36.90999984741211,37.939998626708984,3016300.0,30.36687660217285
2005-12-15,38.560001373291016,37.33000183105469,38.25,37.540000915527344,1647000.0,30.04673194885254
2005-12-16,38.189998626708984,37.66999816894531,37.869998931884766,37.810001373291016,2398200.0,30.262821197509766
2005-12-19,37.86000061035156,36.45000076293945,37.79999923706055,36.56999969482422,2065000.0,29.270336151123047
2005-12-20,36.95000076293945,36.04999923706055,36.900001525878906,36.400001525878906,2351000.0,29.13427734375
2005-12-21,36.91999816894531,36.150001525878906,36.4900016784668,36.63999938964844,1505900.0,29.32636070251465
2005-12-22,37.369998931884766,36.7599983215332,36.779998779296875,36.849998474121094,1412300.0,29.494434356689453
2005-12-23,37.11000061035156,35.97999954223633,36.81999969482422,36.209999084472656,1461600.0,28.98219108581543
2005-12-27,36.75,36.16999816894531,36.209999084472656,36.2599983215332,912900.0,29.022220611572266
2005-12-28,36.59000015258789,35.849998474121094,36.2599983215332,36.150001525878906,1439500.0,28.934175491333008
2005-12-29,36.900001525878906,35.7400016784668,36.20000076293945,36.209999084472656,1638600.0,28.98219108581543
2005-12-30,35.93000030517578,35.61000061035156,35.810001373291016,35.72999954223633,1373600.0,28.598012924194336
2006-01-03,37.119998931884766,35.20000076293945,36.459999084472656,36.939998626708984,2511000.0,29.566486358642578
2006-01-04,36.84000015258789,36.34000015258789,36.83000183105469,36.63999938964844,1539000.0,29.32636070251465
2006-01-05,37.97999954223633,36.400001525878906,36.400001525878906,37.369998931884766,2000400.0,29.91064453125
2006-01-06,37.27000045776367,36.2599983215332,36.9900016784668,37.25,3606600.0,29.814605712890625
2006-01-09,40.099998474121094,37.290000915527344,37.29999923706055,39.95000076293945,4473500.0,31.975683212280273
2006-01-10,40.5,39.81999969482422,40.5,40.34000015258789,4011700.0,32.28781509399414
2006-01-11,41.65999984741211,40.040000915527344,40.34000015258789,41.38999938964844,3026700.0,33.128231048583984
2006-01-12,41.0099983215332,40.45000076293945,41.0,40.540000915527344,3036600.0,32.44789505004883
2006-01-13,40.7599983215332,40.09000015258789,40.400001525878906,40.279998779296875,1891400.0,32.23980712890625
2006-01-17,40.279998779296875,39.41999816894531,39.720001220703125,39.58000183105469,2570200.0,31.679521560668945
2006-01-18,40.43000030517578,39.220001220703125,39.400001525878906,40.0,2550100.0,32.01568603515625
2006-01-19,40.09000015258789,38.310001373291016,40.0099983215332,38.86000061035156,3150600.0,31.103239059448242
2006-01-20,39.099998474121094,37.86000061035156,38.86000061035156,38.119998931884766,3014200.0,30.510944366455078
2006-01-23,38.2400016784668,37.810001373291016,38.130001068115234,37.970001220703125,2251200.0,30.39089012145996
2006-01-24,38.29999923706055,37.880001068115234,37.93000030517578,38.08000183105469,2168800.0,30.478939056396484
2006-01-25,38.18000030517578,36.58000183105469,38.18000030517578,37.20000076293945,2655300.0,29.852998733520508
2006-01-26,37.9900016784668,37.290000915527344,37.5,37.650001525878906,1457200.0,30.214111328125
2006-01-27,39.06999969482422,37.59000015258789,37.63999938964844,38.380001068115234,1890000.0,30.7999324798584
2006-01-30,38.77000045776367,38.0099983215332,38.599998474121094,38.06999969482422,1607700.0,30.551162719726562
2006-01-31,37.959999084472656,37.150001525878906,37.95000076293945,37.31999969482422,1877600.0,29.949277877807617
2006-02-01,37.189998626708984,35.83000183105469,37.099998474121094,36.029998779296875,2864900.0,28.9140567779541
2006-02-02,36.189998626708984,34.61000061035156,36.150001525878906,35.0099983215332,3395000.0,28.095508575439453
2006-02-03,35.720001220703125,34.13999938964844,34.5,35.5,2810300.0,28.48873519897461
2006-02-06,35.65999984741211,34.77000045776367,35.5,34.95000076293945,1783600.0,28.047359466552734
2006-02-07,34.63999938964844,33.45000076293945,34.16999816894531,33.66999816894531,5117200.0,27.020153045654297
2006-02-08,33.95000076293945,32.90999984741211,33.95000076293945,33.59000015258789,4229900.0,26.955955505371094
2006-02-09,34.33000183105469,33.27000045776367,33.54999923706055,33.58000183105469,2824700.0,26.94793128967285
2006-02-10,33.220001220703125,32.529998779296875,33.150001525878906,32.939998626708984,3335900.0,26.434341430664062
2006-02-13,33.0099983215332,32.369998931884766,32.939998626708984,32.56999969482422,2121400.0,26.13741683959961
2006-02-14,33.25,31.940000534057617,32.56999969482422,33.08000183105469,2601500.0,26.546688079833984
2006-02-15,34.54999923706055,33.290000915527344,33.349998474121094,33.91999816894531,3070700.0,27.220792770385742
2006-02-16,35.4900016784668,34.11000061035156,34.22999954223633,35.029998779296875,3145300.0,28.11155128479004
2006-02-17,35.310001373291016,34.400001525878906,35.029998779296875,34.5,1965600.0,27.686233520507812
2006-02-21,35.189998626708984,34.09000015258789,34.63999938964844,35.04999923706055,2791700.0,28.127609252929688
2006-02-22,37.099998474121094,35.0,35.150001525878906,36.689998626708984,3498400.0,29.443700790405273
2006-02-23,37.0,36.060001373291016,37.0,36.15999984741211,1624700.0,29.01838493347168
2006-02-24,36.2400016784668,35.810001373291016,36.20000076293945,36.099998474121094,1107700.0,28.970226287841797
2006-02-27,35.939998626708984,35.0,35.779998779296875,35.22999954223633,2061200.0,28.272069931030273
2006-02-28,35.279998779296875,34.04999923706055,35.0,34.11000061035156,2640000.0,27.373254776000977
2006-03-01,34.310001373291016,33.619998931884766,34.25,33.84000015258789,2435000.0,27.156583786010742
2006-03-02,34.29999923706055,33.33000183105469,33.369998931884766,33.599998474121094,2682200.0,26.9639835357666
2006-03-03,33.40999984741211,32.650001525878906,33.09000015258789,32.720001220703125,2756100.0,26.25778579711914
2006-03-06,32.83000183105469,32.09000015258789,32.619998931884766,32.310001373291016,2033100.0,25.92875862121582
2006-03-07,32.0,31.020000457763672,31.920000076293945,31.559999465942383,3172900.0,25.326881408691406
2006-03-08,31.43000030517578,30.799999237060547,31.299999237060547,31.40999984741211,2414500.0,25.206506729125977
2006-03-09,31.670000076293945,30.799999237060547,31.40999984741211,31.040000915527344,2135600.0,24.909576416015625
2006-03-10,32.099998474121094,31.020000457763672,31.020000457763672,31.719999313354492,2858300.0,25.45528793334961
2006-03-13,32.209999084472656,31.31999969482422,31.649999618530273,31.549999237060547,1815400.0,25.318862915039062
2006-03-14,33.900001525878906,32.040000915527344,32.16999816894531,33.68000030517578,4314700.0,27.028173446655273
2006-03-15,33.91999816894531,32.939998626708984,32.939998626708984,33.29999923706055,2130100.0,26.723234176635742
2006-03-16,34.56999969482422,33.54999923706055,33.70000076293945,33.95000076293945,2193000.0,27.244855880737305
2006-03-17,34.939998626708984,34.349998474121094,34.5,34.58000183105469,2216300.0,27.75043296813965
2006-03-20,34.54999923706055,33.220001220703125,34.5099983215332,33.40999984741211,1739100.0,26.81150245666504
2006-03-21,33.40999984741211,32.2400016784668,33.40999984741211,32.349998474121094,2569300.0,25.96085548400879
2006-03-22,32.81999969482422,32.130001068115234,32.5,32.43000030517578,2464000.0,26.025056838989258
2006-03-23,34.08000183105469,32.54999923706055,32.54999923706055,33.47999954223633,3666600.0,26.8676815032959
2006-03-24,34.16999816894531,32.47999954223633,33.47999954223633,33.900001525878906,2525700.0,27.20473289489746
2006-03-27,34.439998626708984,33.619998931884766,33.650001525878906,33.709999084472656,3205900.0,27.052263259887695
2006-03-28,34.400001525878906,33.38999938964844,34.150001525878906,33.83000183105469,2823400.0,27.148555755615234
2006-03-29,34.599998474121094,33.400001525878906,33.7400016784668,33.97999954223633,2058300.0,27.2689266204834
2006-03-30,34.150001525878906,32.95000076293945,33.97999954223633,33.459999084472656,2052500.0,26.851634979248047
2006-03-31,33.65999984741211,33.16999816894531,33.529998779296875,33.220001220703125,1309100.0,26.65903091430664
2006-04-03,33.95000076293945,32.79999923706055,33.150001525878906,33.68000030517578,2452600.0,27.028173446655273
2006-04-04,33.86000061035156,33.150001525878906,33.45000076293945,33.86000061035156,2920900.0,27.172637939453125
2006-04-05,35.27000045776367,33.869998931884766,33.869998931884766,35.18000030517578,2702900.0,28.2319278717041
2006-04-06,35.189998626708984,34.400001525878906,35.18000030517578,34.77000045776367,1684900.0,27.902908325195312
2006-04-07,34.95000076293945,34.06999969482422,34.58000183105469,34.5,1880500.0,27.686233520507812
2006-04-10,34.869998931884766,33.869998931884766,34.59000015258789,34.02000045776367,1314400.0,27.30103874206543
2006-04-11,35.0,33.79999923706055,35.0,34.04999923706055,2314500.0,27.325119018554688
2006-04-12,34.099998474121094,33.029998779296875,34.04999923706055,33.060001373291016,1914500.0,26.53062629699707
2006-04-13,33.189998626708984,32.36000061035156,32.900001525878906,33.02000045776367,1802700.0,26.498525619506836
2006-04-17,33.5099983215332,32.790000915527344,33.08000183105469,33.400001525878906,2169500.0,26.803483963012695
2006-04-18,34.4900016784668,32.16999816894531,33.0,34.150001525878906,5621800.0,27.405359268188477
2006-04-19,34.150001525878906,33.029998779296875,34.13999938964844,33.54999923706055,2322800.0,26.923858642578125
2006-04-20,33.33000183105469,32.59000015258789,33.099998474121094,33.150001525878906,3694400.0,26.60286521911621
2006-04-21,33.5,32.220001220703125,33.5,32.400001525878906,2713100.0,26.000988006591797
2006-04-24,32.22999954223633,31.559999465942383,32.189998626708984,31.639999389648438,3098100.0,25.391082763671875
2006-04-25,31.739999771118164,30.75,31.649999618530273,30.81999969482422,3634700.0,24.7330322265625
2006-04-26,32.16999816894531,30.950000762939453,30.950000762939453,31.329999923706055,3942300.0,25.142311096191406
2006-04-27,30.690000534057617,29.809999465942383,30.25,30.34000015258789,4464500.0,24.347829818725586
2006-04-28,30.75,30.010000228881836,30.34000015258789,30.020000457763672,3341900.0,24.09103012084961
2006-05-01,30.5,29.420000076293945,30.049999237060547,29.739999771118164,4595600.0,23.86634063720703
2006-05-02,29.56999969482422,28.950000762939453,29.350000381469727,29.440000534057617,3953700.0,23.625591278076172
2006-05-03,29.59000015258789,28.950000762939453,29.299999237060547,29.219999313354492,2984300.0,23.528955459594727
2006-05-04,29.469999313354492,28.780000686645508,29.350000381469727,28.81999969482422,2195700.0,23.206867218017578
2006-05-05,29.940000534057617,28.940000534057617,29.299999237060547,29.75,3619900.0,23.955726623535156
2006-05-08,29.940000534057617,28.899999618530273,29.549999237060547,29.020000457763672,2669300.0,23.36791229248047
2006-05-09,29.149999618530273,28.940000534057617,29.0,29.059999465942383,2831600.0,23.400117874145508
2006-05-10,29.969999313354492,29.100000381469727,29.100000381469727,29.75,3495500.0,23.955726623535156
2006-05-11,29.75,29.059999465942383,29.75,29.110000610351562,3148200.0,23.440378189086914
2006-05-12,29.139999389648438,28.530000686645508,28.950000762939453,29.049999237060547,4439100.0,23.39206886291504
2006-05-15,29.100000381469727,27.969999313354492,28.649999618530273,28.389999389648438,4634600.0,22.86060333251953
2006-05-16,28.600000381469727,27.600000381469727,28.3799991607666,27.719999313354492,3011800.0,22.32110595703125
2006-05-17,27.81999969482422,26.850000381469727,27.510000228881836,26.989999771118164,5004500.0,21.7332763671875
2006-05-18,28.329999923706055,27.139999389648438,27.15999984741211,27.5,6428700.0,22.143959045410156
2006-05-19,27.75,26.940000534057617,27.5,27.079999923706055,5107000.0,21.805749893188477
2006-05-22,27.0,26.190000534057617,26.889999389648438,26.350000381469727,4409900.0,21.217926025390625
2006-05-23,27.459999084472656,26.829999923706055,27.049999237060547,27.0,5046800.0,21.7413330078125
2006-05-24,27.770000457763672,26.549999237060547,27.0,27.079999923706055,5006800.0,21.805749893188477
2006-05-25,27.68000030517578,27.020000457763672,27.020000457763672,27.34000015258789,3056600.0,22.015117645263672
2006-05-26,27.65999984741211,27.25,27.360000610351562,27.40999984741211,1580800.0,22.071491241455078
2006-05-30,27.200000762939453,26.3700008392334,27.200000762939453,26.420000076293945,2708200.0,21.27429962158203
2006-05-31,26.670000076293945,26.09000015258789,26.420000076293945,26.360000610351562,3118000.0,21.225982666015625
2006-06-01,26.850000381469727,26.139999389648438,26.270000457763672,26.75,2224100.0,21.540027618408203
2006-06-02,27.18000030517578,26.030000686645508,26.979999542236328,26.15999984741211,3585500.0,21.064939498901367
2006-06-05,26.290000915527344,24.760000228881836,26.290000915527344,24.809999465942383,5868700.0,19.97787094116211
2006-06-06,24.389999389648438,22.75,24.389999389648438,23.40999984741211,12906600.0,18.85054588317871
2006-06-07,24.020000457763672,23.079999923706055,23.559999465942383,23.309999465942383,4976200.0,18.77001953125
2006-06-08,23.579999923706055,22.549999237060547,23.239999771118164,23.420000076293945,5683900.0,18.85859489440918
2006-06-09,24.040000915527344,23.350000381469727,23.520000457763672,23.8700008392334,5359700.0,19.220958709716797
2006-06-12,23.979999542236328,23.270000457763672,23.8700008392334,23.40999984741211,5395300.0,18.85054588317871
2006-06-13,23.84000015258789,23.049999237060547,23.200000762939453,23.399999618530273,6181500.0,18.842491149902344
2006-06-14,23.8700008392334,23.329999923706055,23.420000076293945,23.670000076293945,5166400.0,19.059911727905273
2006-06-15,25.020000457763672,23.510000228881836,23.510000228881836,24.889999389648438,4123800.0,20.042287826538086
2006-06-16,25.1299991607666,24.3700008392334,24.889999389648438,24.65999984741211,4970700.0,19.857086181640625
2006-06-19,24.950000762939453,23.90999984741211,24.700000762939453,24.010000228881836,3143200.0,19.33368492126465
2006-06-20,24.43000030517578,23.350000381469727,24.299999237060547,23.399999618530273,4567200.0,18.842491149902344
2006-06-21,24.420000076293945,23.350000381469727,23.389999389648438,24.149999618530273,3533500.0,19.4464168548584
2006-06-22,24.1200008392334,23.520000457763672,24.110000610351562,23.600000381469727,3667100.0,19.003536224365234
2006-06-23,23.920000076293945,23.309999465942383,23.549999237060547,23.65999984741211,2794000.0,19.051849365234375
2006-06-26,24.709999084472656,23.75,23.84000015258789,24.399999618530273,2519300.0,19.647733688354492
2006-06-27,24.649999618530273,23.450000762939453,24.649999618530273,23.450000762939453,4554900.0,18.88275718688965
2006-06-28,23.670000076293945,23.149999618530273,23.450000762939453,23.510000228881836,3150300.0,18.93106460571289
2006-06-29,24.290000915527344,23.149999618530273,23.6299991607666,24.280000686645508,4216000.0,19.551101684570312
2006-06-30,24.360000610351562,23.729999542236328,24.299999237060547,23.81999969482422,2790900.0,19.18068504333496
2006-07-03,24.299999237060547,23.540000915527344,24.299999237060547,23.850000381469727,1278200.0,19.204845428466797
2006-07-05,23.850000381469727,23.229999542236328,23.850000381469727,23.510000228881836,4149900.0,18.93106460571289
2006-07-06,24.040000915527344,23.399999618530273,23.469999313354492,23.809999465942383,3344700.0,19.172636032104492
2006-07-07,24.399999618530273,23.75,23.809999465942383,23.899999618530273,3853500.0,19.2451114654541
2006-07-10,24.100000381469727,23.469999313354492,23.940000534057617,23.5,1659400.0,18.923017501831055
2006-07-11,23.399999618530273,22.920000076293945,23.389999389648438,23.010000228881836,3391700.0,18.528457641601562
2006-07-12,23.25,22.729999542236328,23.190000534057617,22.829999923706055,3089700.0,18.383508682250977
2006-07-13,23.25,22.5,22.6299991607666,22.860000610351562,3323600.0,18.407665252685547
2006-07-14,21.31999969482422,20.290000915527344,20.399999618530273,21.200000762939453,13768100.0,17.07097816467285
2006-07-17,21.420000076293945,20.639999389648438,21.110000610351562,20.719999313354492,6768300.0,16.684467315673828
2006-07-18,20.84000015258789,19.719999313354492,20.639999389648438,20.0,9252300.0,16.104690551757812
2006-07-19,20.899999618530273,20.059999465942383,20.100000381469727,20.850000381469727,6578000.0,16.78914451599121
2006-07-20,21.0,19.899999618530273,20.84000015258789,20.0,6086400.0,16.104690551757812
2006-07-21,20.110000610351562,19.520000457763672,20.0,20.0,5320500.0,16.104690551757812
2006-07-24,20.420000076293945,19.899999618530273,20.010000228881836,20.149999618530273,5010000.0,16.225481033325195
2006-07-25,21.5,19.959999084472656,20.040000915527344,21.350000381469727,7539900.0,17.19175910949707
2006-07-26,21.329999923706055,20.530000686645508,21.200000762939453,21.219999313354492,5607300.0,17.087080001831055
2006-07-27,21.649999618530273,20.8799991607666,21.170000076293945,21.010000228881836,4955300.0,16.917980194091797
2006-07-28,22.059999465942383,21.260000228881836,21.260000228881836,21.829999923706055,2996000.0,17.578269958496094
2006-07-31,21.809999465942383,21.350000381469727,21.799999237060547,21.43000030517578,3177300.0,17.256183624267578
2006-08-01,21.200000762939453,20.600000381469727,21.0,21.15999984741211,5503400.0,17.03877067565918
2006-08-02,21.829999923706055,21.049999237060547,21.079999923706055,21.420000076293945,3436000.0,17.248130798339844
2006-08-03,22.899999618530273,21.040000915527344,21.219999313354492,22.6200008392334,4410200.0,18.214412689208984
2006-08-04,24.350000381469727,22.1299991607666,22.899999618530273,22.709999084472656,6439500.0,18.286880493164062
2006-08-07,23.18000030517578,22.290000915527344,22.549999237060547,22.770000457763672,2890700.0,18.335193634033203
2006-08-08,23.149999618530273,21.649999618530273,22.770000457763672,21.90999984741211,4409500.0,17.642696380615234
2006-08-09,21.850000381469727,20.6299991607666,21.469999313354492,20.690000534057617,6409200.0,16.660310745239258
2006-08-10,21.030000686645508,20.5,20.6299991607666,20.729999542236328,3874900.0,16.6925106048584
2006-08-11,20.739999771118164,20.110000610351562,20.670000076293945,20.350000381469727,3911600.0,16.386524200439453
2006-08-14,20.719999313354492,19.899999618530273,20.559999465942383,20.0,5014000.0,16.104690551757812
2006-08-15,20.989999771118164,20.149999618530273,20.459999084472656,20.700000762939453,4452400.0,16.668350219726562
2006-08-16,21.889999389648438,20.90999984741211,21.100000381469727,21.829999923706055,4413200.0,17.578269958496094
2006-08-17,22.34000015258789,21.530000686645508,21.68000030517578,21.799999237060547,4139800.0,17.67556381225586
2006-08-18,22.0,21.260000228881836,21.950000762939453,21.950000762939453,2838700.0,17.797199249267578
2006-08-21,21.959999084472656,21.229999542236328,21.950000762939453,21.459999084472656,3035300.0,17.399890899658203
2006-08-22,21.989999771118164,21.34000015258789,21.950000762939453,21.530000686645508,2646300.0,17.45665168762207
2006-08-23,21.790000915527344,20.850000381469727,21.75,21.020000457763672,2737700.0,17.04313850402832
2006-08-24,21.510000228881836,20.850000381469727,21.200000762939453,21.399999618530273,2028500.0,17.35125160217285
2006-08-25,21.520000457763672,21.059999465942383,21.350000381469727,21.280000686645508,1544600.0,17.25395393371582
2006-08-28,21.989999771118164,21.299999237060547,21.399999618530273,21.850000381469727,2000700.0,17.71610450744629
2006-08-29,21.959999084472656,21.209999084472656,21.850000381469727,21.8799991607666,2594300.0,17.740432739257812
2006-08-30,22.100000381469727,21.479999542236328,21.969999313354492,21.770000457763672,1892200.0,17.6512451171875
2006-08-31,22.190000534057617,21.540000915527344,21.700000762939453,21.93000030517578,2465700.0,17.780973434448242
2006-09-01,22.170000076293945,21.6200008392334,22.049999237060547,22.049999237060547,1955400.0,17.878267288208008
2006-09-05,22.280000686645508,21.610000610351562,22.139999389648438,21.799999237060547,1898300.0,17.67556381225586
2006-09-06,21.799999237060547,20.790000915527344,21.799999237060547,21.0,3652600.0,17.026926040649414
2006-09-07,21.6299991607666,20.3700008392334,20.649999618530273,21.209999084472656,4122000.0,17.197189331054688
2006-09-08,22.079999923706055,20.950000762939453,21.149999618530273,22.010000228881836,4514500.0,17.84583282470703
2006-09-11,22.59000015258789,21.5,21.809999465942383,22.350000381469727,3797300.0,18.121517181396484
2006-09-12,23.860000610351562,22.350000381469727,22.549999237060547,23.639999389648438,5727500.0,19.16745376586914
2006-09-13,23.850000381469727,23.3700008392334,23.850000381469727,23.649999618530273,3277700.0,19.175559997558594
2006-09-14,24.049999237060547,22.90999984741211,23.5,23.989999771118164,3157400.0,19.45123291015625
2006-09-15,25.239999771118164,24.09000015258789,24.649999618530273,24.34000015258789,5259800.0,19.73501205444336
2006-09-18,25.0,23.950000762939453,24.399999618530273,24.260000228881836,2937100.0,19.670154571533203
2006-09-19,24.690000534057617,23.639999389648438,24.260000228881836,24.059999465942383,3932600.0,19.507991790771484
2006-09-20,24.389999389648438,23.440000534057617,24.309999465942383,23.579999923706055,4031100.0,19.11880111694336
2006-09-21,23.90999984741211,22.920000076293945,23.600000381469727,23.06999969482422,4223200.0,18.70529556274414
2006-09-22,23.770000457763672,22.760000228881836,23.06999969482422,23.5,3298200.0,19.05394172668457
2006-09-25,24.5,23.299999237060547,23.780000686645508,24.389999389648438,3412700.0,19.775558471679688
2006-09-26,25.100000381469727,24.010000228881836,24.149999618530273,24.860000610351562,4583300.0,20.156639099121094
2006-09-27,25.43000030517578,24.25,25.0,24.610000610351562,4168100.0,19.953935623168945
2006-09-28,24.739999771118164,24.020000457763672,24.40999984741211,24.600000381469727,2673500.0,19.945825576782227
2006-09-29,25.059999465942383,23.950000762939453,24.700000762939453,23.950000762939453,4282200.0,19.418807983398438
2006-10-02,24.790000915527344,23.549999237060547,23.989999771118164,24.459999084472656,3626900.0,19.832311630249023
2006-10-03,24.290000915527344,23.5,24.170000076293945,23.540000915527344,4381500.0,19.086376190185547
2006-10-04,24.280000686645508,23.260000228881836,23.459999084472656,23.989999771118164,4444600.0,19.45123291015625
2006-10-05,24.299999237060547,23.420000076293945,24.0,23.860000610351562,2580100.0,19.345829010009766
2006-10-06,23.770000457763672,23.31999969482422,23.75,23.59000015258789,2149500.0,19.126911163330078
2006-10-09,24.149999618530273,23.200000762939453,23.450000762939453,23.84000015258789,2447300.0,19.32961654663086
2006-10-10,25.239999771118164,24.219999313354492,24.350000381469727,24.760000228881836,6645900.0,20.07555389404297
2006-10-11,25.0,24.0,24.709999084472656,24.190000534057617,3324600.0,19.613399505615234
2006-10-12,24.93000030517578,24.360000610351562,24.450000762939453,24.799999237060547,2840300.0,20.107986450195312
2006-10-13,24.440000534057617,23.770000457763672,24.350000381469727,23.889999389648438,3560400.0,19.37015724182129
2006-10-16,24.219999313354492,23.809999465942383,23.899999618530273,24.020000457763672,2898300.0,19.475563049316406
2006-10-17,24.040000915527344,23.459999084472656,23.989999771118164,23.540000915527344,3156900.0,19.086376190185547
2006-10-18,24.139999389648438,23.299999237060547,24.059999465942383,23.389999389648438,3375200.0,18.964757919311523
2006-10-19,23.84000015258789,23.09000015258789,23.739999771118164,23.479999542236328,2769300.0,19.16059684753418
2006-10-20,23.549999237060547,23.110000610351562,23.549999237060547,23.229999542236328,2012000.0,18.95659065246582
2006-10-23,23.600000381469727,22.770000457763672,23.5,23.020000457763672,2992900.0,18.785215377807617
2006-10-24,23.739999771118164,23.200000762939453,23.299999237060547,23.579999923706055,2494200.0,19.242204666137695
2006-10-25,24.219999313354492,23.299999237060547,23.68000030517578,23.969999313354492,3663400.0,19.560457229614258
2006-10-26,24.600000381469727,24.010000228881836,24.020000457763672,24.5,3690500.0,19.992961883544922
2006-10-27,24.520000457763672,23.600000381469727,24.520000457763672,23.75,2546400.0,19.380935668945312
2006-10-30,24.0,23.469999313354492,23.600000381469727,23.56999969482422,1763600.0,19.23404312133789
2006-10-31,23.790000915527344,23.1299991607666,23.790000915527344,23.43000030517578,2725900.0,19.11979866027832
2006-11-01,23.860000610351562,23.139999389648438,23.799999237060547,23.18000030517578,2955900.0,18.915796279907227
2006-11-02,23.420000076293945,22.950000762939453,23.18000030517578,23.020000457763672,2451100.0,18.785215377807617
2006-11-03,23.260000228881836,22.420000076293945,23.020000457763672,22.729999542236328,2695600.0,18.548568725585938
2006-11-06,23.170000076293945,22.760000228881836,23.100000381469727,22.889999389648438,2337900.0,18.679140090942383
2006-11-07,22.899999618530273,22.270000457763672,22.889999389648438,22.43000030517578,4495400.0,18.30375862121582
2006-11-08,22.3799991607666,21.6299991607666,22.200000762939453,22.0,4633100.0,17.952863693237305
2006-11-09,22.0,21.510000228881836,22.0,21.59000015258789,5169700.0,17.618289947509766
2006-11-10,22.510000228881836,21.559999465942383,21.690000534057617,22.469999313354492,5950000.0,18.33639907836914
2006-11-13,22.93000030517578,22.200000762939453,22.639999389648438,22.3799991607666,4772100.0,18.262956619262695
2006-11-14,24.639999389648438,22.950000762939453,23.799999237060547,24.5,13274100.0,19.992961883544922
2006-11-15,25.360000610351562,24.40999984741211,24.5,24.920000076293945,7082100.0,20.33570671081543
2006-11-16,25.540000915527344,24.690000534057617,24.959999084472656,24.950000762939453,5933800.0,20.36017608642578
2006-11-17,25.260000228881836,24.399999618530273,24.799999237060547,25.100000381469727,4481900.0,20.482589721679688
2006-11-20,25.25,24.520000457763672,25.149999618530273,24.65999984741211,3103200.0,20.123519897460938
2006-11-21,25.100000381469727,24.559999465942383,24.65999984741211,24.959999084472656,2215800.0,20.368337631225586
2006-11-22,25.81999969482422,25.030000686645508,25.049999237060547,25.6299991607666,3206600.0,20.915081024169922
2006-11-24,25.899999618530273,25.170000076293945,25.170000076293945,25.559999465942383,1111300.0,20.85796546936035
2006-11-27,25.809999465942383,24.950000762939453,25.56999969482422,25.010000228881836,3197300.0,20.409141540527344
2006-11-28,25.450000762939453,24.760000228881836,25.0,24.799999237060547,3486000.0,20.237764358520508
2006-11-29,25.600000381469727,24.90999984741211,24.950000762939453,25.389999389648438,3728200.0,20.7192325592041
2006-11-30,27.040000915527344,25.549999237060547,25.84000015258789,26.639999389648438,8830700.0,21.73927879333496
2006-12-01,26.940000534057617,26.100000381469727,26.600000381469727,26.59000015258789,4687000.0,21.698476791381836
2006-12-04,26.75,26.110000610351562,26.75,26.290000915527344,2892000.0,21.45367431640625
2006-12-05,27.100000381469727,26.299999237060547,26.299999237060547,26.6299991607666,4260700.0,21.731121063232422
2006-12-06,27.809999465942383,27.030000686645508,27.1200008392334,27.530000686645508,5543000.0,22.465564727783203
2006-12-07,27.700000762939453,26.709999084472656,27.600000381469727,27.209999084472656,5253300.0,22.20443344116211
2006-12-08,27.559999465942383,26.5,27.149999618530273,26.670000076293945,2865700.0,21.763757705688477
2006-12-11,27.1200008392334,26.59000015258789,26.670000076293945,26.770000457763672,1681000.0,21.845375061035156
2006-12-12,26.8700008392334,26.43000030517578,26.850000381469727,26.75,3723200.0,21.82905387878418
2006-12-13,27.299999237060547,26.719999313354492,26.899999618530273,26.780000686645508,3557000.0,21.85352897644043
2006-12-14,27.149999618530273,26.600000381469727,26.780000686645508,26.639999389648438,3138600.0,21.73927879333496
2006-12-15,27.299999237060547,26.860000610351562,27.030000686645508,27.1200008392334,4965100.0,22.13098907470703
2006-12-18,27.510000228881836,26.670000076293945,27.5,26.809999465942383,2452000.0,21.878013610839844
2006-12-19,26.860000610351562,26.170000076293945,26.75,26.469999313354492,3783400.0,21.600553512573242
2006-12-20,26.690000534057617,26.1299991607666,26.6299991607666,26.299999237060547,2928500.0,21.461835861206055
2006-12-21,26.420000076293945,26.010000228881836,26.31999969482422,26.209999084472656,1688400.0,21.388385772705078
2006-12-22,26.75,25.709999084472656,26.5,25.989999771118164,2079600.0,21.2088565826416
2006-12-26,26.229999542236328,25.799999237060547,25.799999237060547,26.110000610351562,1561900.0,21.306787490844727
2006-12-27,26.610000610351562,26.1200008392334,26.219999313354492,26.579999923706055,2706900.0,21.690324783325195
2006-12-28,26.90999984741211,26.190000534057617,26.3700008392334,26.600000381469727,2316400.0,21.706642150878906
2006-12-29,26.950000762939453,26.489999771118164,26.600000381469727,26.489999771118164,2061000.0,21.61688232421875
2007-01-03,26.709999084472656,25.709999084472656,26.290000915527344,26.040000915527344,4626300.0,21.249658584594727
2007-01-04,26.579999923706055,25.729999542236328,26.06999969482422,25.979999542236328,2647900.0,21.20069694519043
2007-01-05,26.25,25.690000534057617,26.149999618530273,25.84000015258789,2945700.0,21.086454391479492
2007-01-08,25.8799991607666,25.049999237060547,25.84000015258789,25.389999389648438,4056200.0,20.7192325592041
2007-01-09,25.75,25.34000015258789,25.549999237060547,25.469999313354492,2716200.0,20.784515380859375
2007-01-10,25.6200008392334,25.170000076293945,25.25,25.43000030517578,2716900.0,20.751873016357422
2007-01-11,26.06999969482422,25.389999389648438,25.450000762939453,25.969999313354492,2538500.0,21.19253921508789
2007-01-12,26.540000915527344,25.93000030517578,25.969999313354492,26.399999618530273,3409200.0,21.543434143066406
2007-01-16,26.739999771118164,25.959999084472656,26.600000381469727,26.350000381469727,5385500.0,21.502634048461914
2007-01-17,27.25,26.540000915527344,26.540000915527344,26.969999313354492,4721900.0,22.00857925415039
2007-01-18,27.360000610351562,26.829999923706055,27.059999465942383,27.09000015258789,3096400.0,22.106502532958984
2007-01-19,27.700000762939453,26.90999984741211,27.31999969482422,27.530000686645508,4137800.0,22.465564727783203
2007-01-22,27.6200008392334,26.829999923706055,27.530000686645508,27.1299991607666,2685900.0,22.139142990112305
2007-01-23,29.3799991607666,27.75,27.75,28.3700008392334,11517200.0,23.151033401489258
2007-01-24,28.850000381469727,27.899999618530273,28.229999542236328,28.75,4523700.0,23.58583641052246
2007-01-25,28.959999084472656,28.010000228881836,28.760000228881836,28.25,4829700.0,23.175642013549805
2007-01-26,28.5,27.579999923706055,28.350000381469727,27.81999969482422,4389500.0,22.822885513305664
2007-01-29,28.190000534057617,27.700000762939453,27.770000457763672,27.899999618530273,2286600.0,22.888511657714844
2007-01-30,28.280000686645508,27.770000457763672,28.100000381469727,27.81999969482422,2629600.0,22.822885513305664
2007-01-31,29.18000030517578,27.770000457763672,27.8700008392334,29.059999465942383,6845900.0,23.840147018432617
2007-02-01,30.309999465942383,29.1200008392334,29.219999313354492,29.899999618530273,7078000.0,24.529268264770508
2007-02-02,31.1299991607666,29.93000030517578,29.93000030517578,30.860000610351562,6089300.0,25.316831588745117
2007-02-05,30.899999618530273,29.93000030517578,30.8700008392334,30.350000381469727,3472100.0,24.898435592651367
2007-02-06,30.25,29.639999389648438,30.149999618530273,29.969999313354492,4070800.0,24.586692810058594
2007-02-07,30.18000030517578,29.469999313354492,30.18000030517578,29.639999389648438,3099200.0,24.31597137451172
2007-02-08,29.200000762939453,28.610000610351562,29.049999237060547,28.649999618530273,5145500.0,23.503795623779297
2007-02-09,28.799999237060547,27.739999771118164,28.65999984741211,28.049999237060547,3809600.0,23.011571884155273
2007-02-12,28.329999923706055,27.25,28.049999237060547,27.329999923706055,4715300.0,22.420900344848633
2007-02-13,28.100000381469727,27.450000762939453,27.479999542236328,27.860000610351562,3145900.0,22.855693817138672
2007-02-14,28.530000686645508,27.84000015258789,27.8700008392334,28.18000030517578,2947600.0,23.118213653564453
2007-02-15,28.549999237060547,28.190000534057617,28.229999542236328,28.290000915527344,2397600.0,23.208452224731445
2007-02-16,28.280000686645508,27.520000457763672,28.239999771118164,28.209999084472656,2412700.0,23.14282989501953
2007-02-20,28.700000762939453,28.010000228881836,28.149999618530273,28.469999313354492,4022300.0,23.35612678527832
2007-02-21,28.360000610351562,27.530000686645508,28.149999618530273,28.079999923706055,3078200.0,23.036184310913086
2007-02-22,28.260000228881836,27.1200008392334,28.260000228881836,27.31999969482422,3693900.0,22.412694931030273
2007-02-23,27.459999084472656,26.729999542236328,27.360000610351562,27.020000457763672,3683400.0,22.166582107543945
2007-02-26,27.260000228881836,26.559999465942383,27.020000457763672,26.829999923706055,2966000.0,22.010709762573242
2007-02-27,26.329999923706055,25.3700008392334,26.149999618530273,25.709999084472656,7235000.0,21.09188461303711
2007-02-28,25.84000015258789,25.049999237060547,25.709999084472656,25.360000610351562,5156700.0,20.80475616455078
2007-03-01,25.829999923706055,24.510000228881836,25.040000915527344,25.670000076293945,6259200.0,21.059072494506836
2007-03-02,25.770000457763672,25.25,25.68000030517578,25.309999465942383,5365400.0,20.763734817504883
2007-03-05,24.90999984741211,24.18000030517578,24.899999618530273,24.25,8600400.0,19.894134521484375
2007-03-06,24.979999542236328,24.31999969482422,24.799999237060547,24.559999465942383,5389000.0,20.148452758789062
2007-03-07,24.989999771118164,24.43000030517578,24.559999465942383,24.549999237060547,6695200.0,20.140243530273438
2007-03-08,25.06999969482422,24.530000686645508,24.559999465942383,24.780000686645508,5654600.0,20.328935623168945
2007-03-09,24.989999771118164,24.200000762939453,24.780000686645508,24.420000076293945,5618900.0,20.03360939025879
2007-03-12,24.350000381469727,23.020000457763672,24.309999465942383,23.170000076293945,9941200.0,19.008129119873047
2007-03-13,23.049999237060547,22.020000457763672,22.950000762939453,22.309999465942383,10604700.0,18.30260467529297
2007-03-14,22.989999771118164,22.030000686645508,22.309999465942383,22.799999237060547,8783400.0,18.704586029052734
2007-03-15,23.299999237060547,22.549999237060547,22.600000381469727,22.950000762939453,5100500.0,18.827646255493164
2007-03-16,23.3799991607666,22.780000686645508,23.09000015258789,22.829999923706055,5098500.0,18.729202270507812
2007-03-19,23.31999969482422,22.829999923706055,22.950000762939453,22.8700008392334,4512700.0,18.762014389038086
2007-03-20,23.06999969482422,22.549999237060547,22.8799991607666,22.850000381469727,4291300.0,18.745607376098633
2007-03-21,23.8799991607666,22.670000076293945,22.760000228881836,23.6299991607666,5726700.0,19.385509490966797
2007-03-22,24.1200008392334,23.350000381469727,23.8700008392334,23.520000457763672,4951700.0,19.295263290405273
2007-03-23,24.06999969482422,23.229999542236328,23.520000457763672,23.31999969482422,3809700.0,19.13118553161621
2007-03-26,23.43000030517578,22.65999984741211,23.389999389648438,22.790000915527344,5168300.0,18.696388244628906
2007-03-27,22.56999969482422,22.010000228881836,22.559999465942383,22.479999542236328,6861900.0,18.442062377929688
2007-03-28,22.290000915527344,21.809999465942383,22.290000915527344,22.049999237060547,8526500.0,18.08930778503418
2007-03-29,22.389999389648438,21.790000915527344,22.25,22.079999923706055,7181500.0,18.11391830444336
2007-03-30,22.34000015258789,21.809999465942383,22.0,22.0,5493600.0,18.04828643798828
2007-04-02,22.200000762939453,21.579999923706055,22.15999984741211,21.670000076293945,5717200.0,17.777563095092773
2007-04-03,22.200000762939453,21.579999923706055,21.760000228881836,21.790000915527344,6952300.0,17.876005172729492
2007-04-04,21.809999465942383,21.540000915527344,21.790000915527344,21.6200008392334,3484000.0,17.736549377441406
2007-04-05,22.079999923706055,21.450000762939453,21.610000610351562,22.010000228881836,4821400.0,18.05649185180664
2007-04-09,22.09000015258789,21.639999389648438,22.030000686645508,22.040000915527344,5635600.0,18.08110809326172
2007-04-10,22.15999984741211,21.510000228881836,22.0,21.700000762939453,7081500.0,17.802183151245117
2007-04-11,21.700000762939453,21.0,21.690000534057617,21.329999923706055,4973200.0,17.498638153076172
2007-04-12,21.959999084472656,21.020000457763672,21.25,21.8700008392334,5057600.0,17.941638946533203
2007-04-13,21.969999313354492,21.25,21.799999237060547,21.469999313354492,4860100.0,17.61348533630371
2007-04-16,21.920000076293945,21.43000030517578,21.600000381469727,21.68000030517578,5070000.0,17.7857666015625
2007-04-17,22.600000381469727,21.8700008392334,21.8799991607666,22.450000762939453,6666500.0,18.41745376586914
2007-04-18,23.489999771118164,22.010000228881836,22.440000534057617,23.040000915527344,7646000.0,18.901477813720703
2007-04-19,23.600000381469727,22.399999618530273,22.399999618530273,22.979999542236328,4936300.0,18.852256774902344
2007-04-20,23.520000457763672,23.1200008392334,23.299999237060547,23.389999389648438,6676600.0,19.188613891601562
2007-04-23,23.530000686645508,22.459999084472656,23.469999313354492,22.59000015258789,5544200.0,18.53231430053711
2007-04-24,22.770000457763672,22.06999969482422,22.670000076293945,22.530000686645508,5757100.0,18.48308753967285
2007-04-25,22.84000015258789,22.209999084472656,22.540000915527344,22.649999618530273,5082400.0,18.5815372467041
2007-04-26,23.600000381469727,22.729999542236328,22.799999237060547,23.489999771118164,5435000.0,19.270652770996094
2007-04-27,23.489999771118164,22.75,23.450000762939453,22.920000076293945,4894500.0,18.80303192138672
2007-04-30,23.0,22.1200008392334,22.920000076293945,22.18000030517578,6976500.0,18.195953369140625
2007-05-01,22.899999618530273,21.850000381469727,22.489999771118164,22.649999618530273,6500100.0,18.5815372467041
2007-05-02,22.8799991607666,22.549999237060547,22.59000015258789,22.739999771118164,4307100.0,18.77973747253418
2007-05-03,22.979999542236328,22.600000381469727,22.829999923706055,22.770000457763672,3039000.0,18.80451202392578
2007-05-04,22.860000610351562,22.219999313354492,22.81999969482422,22.40999984741211,3137300.0,18.507213592529297
2007-05-07,22.68000030517578,22.260000228881836,22.540000915527344,22.520000457763672,3617000.0,18.59804916381836
2007-05-08,22.6299991607666,22.059999465942383,22.520000457763672,22.530000686645508,2790600.0,18.606307983398438
2007-05-09,22.649999618530273,22.079999923706055,22.399999618530273,22.549999237060547,3748400.0,18.622827529907227
2007-05-10,22.469999313354492,21.940000534057617,22.459999084472656,22.049999237060547,4651600.0,18.209903717041016
2007-05-11,22.8700008392334,22.09000015258789,22.09000015258789,22.299999237060547,2189000.0,18.416358947753906
2007-05-14,22.469999313354492,22.049999237060547,22.3799991607666,22.200000762939453,3005800.0,18.333782196044922
2007-05-15,22.3700008392334,21.940000534057617,22.350000381469727,22.020000457763672,2623000.0,18.185134887695312
2007-05-16,22.18000030517578,21.75,22.049999237060547,22.170000076293945,2688100.0,18.30901336669922
2007-05-17,22.700000762939453,22.030000686645508,22.15999984741211,22.530000686645508,3801500.0,18.606307983398438
2007-05-18,22.649999618530273,22.260000228881836,22.649999618530273,22.549999237060547,3069300.0,18.622827529907227
2007-05-21,23.079999923706055,22.559999465942383,22.579999923706055,22.81999969482422,3218100.0,18.84580421447754
2007-05-22,23.899999618530273,22.770000457763672,22.829999923706055,23.75,4922900.0,19.61384391784668
2007-05-23,24.489999771118164,23.540000915527344,23.899999618530273,23.6299991607666,5229300.0,19.51474380493164
2007-05-24,24.350000381469727,23.399999618530273,23.6299991607666,23.579999923706055,5592800.0,19.47344398498535
2007-05-25,23.899999618530273,23.15999984741211,23.75,23.530000686645508,2658200.0,19.432153701782227
2007-05-29,23.790000915527344,23.170000076293945,23.530000686645508,23.43000030517578,2494400.0,19.349571228027344
2007-05-30,23.540000915527344,23.110000610351562,23.43000030517578,23.3700008392334,2974100.0,19.300020217895508
2007-05-31,23.6299991607666,23.239999771118164,23.5,23.3700008392334,4248100.0,19.300020217895508
2007-06-01,23.56999969482422,22.93000030517578,23.40999984741211,22.979999542236328,5277300.0,18.977937698364258
2007-06-04,23.3799991607666,22.760000228881836,23.209999084472656,23.280000686645508,3959400.0,19.225698471069336
2007-06-05,23.25,22.809999465942383,23.190000534057617,22.940000534057617,2528100.0,18.944904327392578
2007-06-06,22.940000534057617,22.43000030517578,22.940000534057617,22.440000534057617,3136200.0,18.531982421875
2007-06-07,22.440000534057617,21.399999618530273,22.440000534057617,21.530000686645508,5753400.0,17.780466079711914
2007-06-08,22.010000228881836,21.389999389648438,21.549999237060547,21.959999084472656,4077100.0,18.13558006286621
2007-06-11,21.8799991607666,21.309999465942383,21.84000015258789,21.520000457763672,3424600.0,17.772205352783203
2007-06-12,21.5,20.860000610351562,21.389999389648438,21.149999618530273,4558500.0,17.466638565063477
2007-06-13,21.450000762939453,20.93000030517578,21.350000381469727,21.31999969482422,3619700.0,17.607036590576172
2007-06-14,21.489999771118164,20.959999084472656,21.170000076293945,21.360000610351562,3520300.0,17.640073776245117
2007-06-15,21.729999542236328,21.280000686645508,21.420000076293945,21.360000610351562,3821100.0,17.640073776245117
2007-06-18,21.549999237060547,21.139999389648438,21.3799991607666,21.260000228881836,3267400.0,17.55748176574707
2007-06-19,21.40999984741211,21.040000915527344,21.270000457763672,21.260000228881836,3000200.0,17.55748176574707
2007-06-20,21.350000381469727,20.8700008392334,21.260000228881836,21.010000228881836,3641300.0,17.351022720336914
2007-06-21,21.280000686645508,20.719999313354492,20.950000762939453,21.200000762939453,4365300.0,17.507932662963867
2007-06-22,21.18000030517578,20.709999084472656,21.100000381469727,20.850000381469727,4634600.0,17.218894958496094
2007-06-25,21.079999923706055,20.459999084472656,20.8799991607666,20.56999969482422,4253100.0,16.987659454345703
2007-06-26,20.770000457763672,20.1200008392334,20.530000686645508,20.170000076293945,4016100.0,16.657316207885742
2007-06-27,20.600000381469727,19.950000762939453,20.170000076293945,20.510000228881836,6353300.0,16.938100814819336
2007-06-28,20.440000534057617,20.059999465942383,20.299999237060547,20.190000534057617,4600200.0,16.6738338470459
2007-06-29,20.31999969482422,19.760000228881836,20.299999237060547,19.93000030517578,5153600.0,16.45911407470703
2007-07-02,19.93000030517578,19.469999313354492,19.93000030517578,19.75,6421800.0,16.31045913696289
2007-07-03,20.0,19.690000534057617,19.850000381469727,19.729999542236328,4620800.0,16.293941497802734
2007-07-05,20.020000457763672,19.56999969482422,19.8700008392334,19.690000534057617,4021600.0,16.26090431213379
2007-07-06,20.280000686645508,19.510000228881836,19.6299991607666,20.200000762939453,4803300.0,16.68208885192871
2007-07-09,20.280000686645508,19.780000686645508,20.1299991607666,19.790000915527344,3988100.0,16.34349822998047
2007-07-10,19.510000228881836,19.15999984741211,19.479999542236328,19.399999618530273,12528500.0,16.021406173706055
2007-07-11,19.700000762939453,19.170000076293945,19.329999923706055,19.559999465942383,7714300.0,16.153547286987305
2007-07-12,19.969999313354492,19.530000686645508,19.68000030517578,19.90999984741211,4145100.0,16.44260025024414
2007-07-13,20.75,19.860000610351562,19.920000076293945,20.43000030517578,7696800.0,16.872032165527344
2007-07-16,20.40999984741211,19.899999618530273,20.25,20.010000228881836,3705800.0,16.525177001953125
2007-07-17,20.030000686645508,19.5,19.899999618530273,19.549999237060547,5194000.0,16.145282745361328
2007-07-18,19.389999389648438,18.899999618530273,19.139999389648438,19.200000762939453,7882900.0,15.856242179870605
2007-07-19,19.6299991607666,19.280000686645508,19.290000915527344,19.40999984741211,3284900.0,16.02967071533203
2007-07-20,19.440000534057617,18.790000915527344,19.420000076293945,19.170000076293945,6629800.0,15.831467628479004
2007-07-23,19.280000686645508,18.299999237060547,19.200000762939453,18.3799991607666,5452700.0,15.179045677185059
2007-07-24,18.34000015258789,17.43000030517578,18.229999542236328,17.5,10271400.0,14.45230770111084
2007-07-25,17.790000915527344,17.030000686645508,17.700000762939453,17.479999542236328,9411700.0,14.435786247253418
2007-07-26,17.3799991607666,16.450000762939453,16.899999618530273,17.15999984741211,12633400.0,14.171514511108398
2007-07-27,17.559999465942383,16.600000381469727,17.030000686645508,16.610000610351562,10997500.0,13.717302322387695
2007-07-30,16.84000015258789,16.31999969482422,16.6299991607666,16.719999313354492,11756200.0,13.808143615722656
2007-07-31,17.15999984741211,16.309999465942383,16.799999237060547,16.31999969482422,9796900.0,13.477805137634277
2007-08-01,16.469999313354492,15.0,16.209999084472656,16.399999618530273,15102000.0,13.54387092590332
2007-08-02,17.280000686645508,16.43000030517578,16.579999923706055,17.149999618530273,11585700.0,14.163256645202637
2007-08-03,17.149999618530273,16.209999084472656,17.079999923706055,16.459999084472656,10941100.0,13.593424797058105
2007-08-06,16.889999389648438,15.84000015258789,16.31999969482422,16.860000610351562,12193800.0,13.923761367797852
2007-08-07,17.719999313354492,16.34000015258789,16.68000030517578,17.389999389648438,11318300.0,14.361459732055664
2007-08-08,18.940000534057617,17.469999313354492,17.469999313354492,18.59000015258789,16957500.0,15.352474212646484
2007-08-09,19.100000381469727,17.809999465942383,18.200000762939453,18.56999969482422,13014100.0,15.335963249206543
2007-08-10,18.299999237060547,17.270000457763672,18.239999771118164,17.440000534057617,9972800.0,14.402753829956055
2007-08-13,17.65999984741211,16.5,17.299999237060547,16.8700008392334,9700800.0,13.932019233703613
2007-08-14,17.0,16.559999465942383,16.8700008392334,16.6299991607666,10066100.0,13.733819007873535
2007-08-15,16.530000686645508,15.630000114440918,16.530000686645508,15.6899995803833,8513800.0,13.075464248657227
2007-08-16,16.889999389648438,14.899999618530273,15.300000190734863,15.90999984741211,18120700.0,13.25879955291748
2007-08-17,18.239999771118164,15.699999809265137,16.469999313354492,16.5,10229100.0,13.750490188598633
2007-08-20,16.719999313354492,16.110000610351562,16.559999465942383,16.549999237060547,5458900.0,13.792153358459473
2007-08-21,16.65999984741211,16.110000610351562,16.350000381469727,16.34000015258789,5281400.0,13.617144584655762
2007-08-22,16.959999084472656,15.880000114440918,16.670000076293945,16.3799991607666,5034600.0,13.650480270385742
2007-08-23,16.969999313354492,15.9399995803833,16.579999923706055,16.110000610351562,6934900.0,13.42547607421875
2007-08-24,16.260000228881836,15.800000190734863,16.100000381469727,16.010000228881836,3113500.0,13.34213924407959
2007-08-27,16.25,15.170000076293945,16.0,15.210000038146973,4478500.0,12.675444602966309
2007-08-28,15.119999885559082,14.399999618530273,15.100000381469727,14.75,8322800.0,12.29210376739502
2007-08-29,15.0600004196167,14.65999984741211,14.75,15.029999732971191,5308600.0,12.52544116973877
2007-08-30,14.949999809265137,14.460000038146973,14.789999961853027,14.5600004196167,5507500.0,12.133763313293457
2007-08-31,15.4399995803833,14.600000381469727,15.039999961853027,15.109999656677246,7054000.0,12.592111587524414
2007-09-04,15.5600004196167,14.819999694824219,14.960000038146973,15.40999984741211,4205900.0,12.842121124267578
2007-09-05,15.210000038146973,14.529999732971191,15.170000076293945,14.8100004196167,6649200.0,12.342103004455566
2007-09-06,14.949999809265137,14.529999732971191,14.770000457763672,14.579999923706055,5372500.0,12.15042781829834
2007-09-07,14.279999732971191,13.880000114440918,14.149999618530273,14.020000457763672,6747900.0,11.683745384216309
2007-09-10,14.149999618530273,13.609999656677246,14.069999694824219,13.6899995803833,5970200.0,11.408737182617188
2007-09-11,13.989999771118164,13.539999961853027,13.739999771118164,13.640000343322754,3956900.0,11.367070198059082
2007-09-12,14.050000190734863,13.430000305175781,13.600000381469727,13.800000190734863,7484900.0,11.500406265258789
2007-09-13,13.979999542236328,13.40999984741211,13.890000343322754,13.65999984741211,4442100.0,11.38373851776123
2007-09-14,14.399999618530273,13.460000038146973,13.489999771118164,14.350000381469727,4987400.0,11.958756446838379
2007-09-17,14.630000114440918,14.100000381469727,14.199999809265137,14.520000457763672,5051700.0,12.100428581237793
2007-09-18,15.5,14.369999885559082,14.630000114440918,15.300000190734863,9047400.0,12.750450134277344
2007-09-19,16.639999389648438,14.800000190734863,15.390000343322754,15.1899995803833,14242300.0,12.658782005310059
2007-09-20,15.100000381469727,13.979999542236328,15.0600004196167,14.079999923706055,8785200.0,11.733748435974121
2007-09-21,14.489999771118164,14.0,14.319999694824219,14.100000381469727,5922900.0,11.750415802001953
2007-09-24,14.199999809265137,13.520000457763672,14.119999885559082,13.5600004196167,8640300.0,11.300399780273438
2007-09-25,13.399999618530273,12.84000015258789,13.289999961853027,13.279999732971191,17866400.0,11.067058563232422
2007-09-26,13.550000190734863,12.800000190734863,13.399999618530273,12.859999656677246,5912500.0,10.717044830322266
2007-09-27,13.300000190734863,12.460000038146973,13.0600004196167,13.180000305175781,8981300.0,10.983724594116211
2007-09-28,13.40999984741211,12.779999732971191,13.149999618530273,12.8100004196167,7360700.0,10.675375938415527
2007-10-01,13.609999656677246,13.079999923706055,13.119999885559082,13.460000038146973,9147600.0,11.217063903808594
2007-10-02,14.75,13.550000190734863,13.59000015258789,14.34000015258789,13452100.0,11.950424194335938
2007-10-03,15.180000305175781,14.260000228881836,14.319999694824219,14.8100004196167,11580700.0,12.342103004455566
2007-10-04,15.020000457763672,14.0,14.829999923706055,14.390000343322754,6011800.0,11.992091178894043
2007-10-05,14.890000343322754,14.220000267028809,14.390000343322754,14.649999618530273,4901200.0,12.208765983581543
2007-10-08,14.720000267028809,14.199999809265137,14.649999618530273,14.34000015258789,3531900.0,11.950424194335938
2007-10-09,14.510000228881836,13.9399995803833,14.350000381469727,14.3100004196167,5187800.0,11.925420761108398
2007-10-10,14.649999618530273,14.140000343322754,14.149999618530273,14.369999885559082,4469100.0,11.975421905517578
2007-10-11,14.890000343322754,14.380000114440918,14.819999694824219,14.460000038146973,6636500.0,12.050423622131348
2007-10-12,14.539999961853027,13.890000343322754,14.539999961853027,14.100000381469727,5551500.0,11.750415802001953
2007-10-15,14.130000114440918,13.40999984741211,14.069999694824219,13.579999923706055,5601500.0,11.317070007324219
2007-10-16,13.359999656677246,12.789999961853027,13.300000190734863,12.859999656677246,6080700.0,10.717044830322266
2007-10-17,13.399999618530273,12.260000228881836,12.859999656677246,12.609999656677246,8791000.0,10.50870132446289
2007-10-18,12.529999732971191,12.0,12.479999542236328,12.199999809265137,10250200.0,10.167024612426758
2007-10-19,12.430000305175781,11.9399995803833,12.229999542236328,11.949999809265137,10437800.0,9.958684921264648
2007-10-22,13.039999961853027,11.680000305175781,11.720000267028809,12.770000457763672,11187300.0,10.642043113708496
2007-10-23,13.239999771118164,12.479999542236328,12.84000015258789,12.710000038146973,7910200.0,10.592041969299316
2007-10-24,13.149999618530273,12.0,12.680000305175781,12.34000015258789,18146700.0,10.283698081970215
2007-10-25,12.699999809265137,11.84000015258789,12.40999984741211,12.149999618530273,13703800.0,10.125354766845703
2007-10-26,12.920000076293945,12.289999961853027,12.5600004196167,12.869999885559082,7056800.0,10.725379943847656
2007-10-29,13.199999809265137,12.75,12.979999542236328,13.130000114440918,3942500.0,10.942054748535156
2007-10-30,13.289999961853027,12.75,13.050000190734863,13.149999618530273,4099300.0,10.958718299865723
2007-10-31,13.399999618530273,12.609999656677246,13.34000015258789,12.6899995803833,10539600.0,10.575376510620117
2007-11-01,12.300000190734863,11.699999809265137,11.75,12.029999732971191,12019200.0,10.14527416229248
2007-11-02,12.25,11.630000114440918,12.050000190734863,11.760000228881836,8844100.0,9.917574882507324
2007-11-05,11.829999923706055,11.369999885559082,11.420000076293945,11.529999732971191,7722300.0,9.723605155944824
2007-11-06,12.270000457763672,11.470000267028809,11.579999923706055,12.239999771118164,6725200.0,10.322376251220703
2007-11-07,12.199999809265137,11.829999923706055,12.0,11.859999656677246,5203900.0,10.001907348632812
2007-11-08,12.0600004196167,11.229999542236328,11.829999923706055,11.680000305175781,5597500.0,9.850109100341797
2007-11-09,12.239999771118164,11.279999732971191,11.279999732971191,12.029999732971191,5027400.0,10.14527416229248
2007-11-12,12.699999809265137,11.890000343322754,12.050000190734863,11.920000076293945,5663100.0,10.052505493164062
2007-11-13,12.550000190734863,12.0600004196167,12.100000381469727,12.430000305175781,5769700.0,10.4826078414917
2007-11-14,13.199999809265137,12.4399995803833,12.4399995803833,12.640000343322754,7326400.0,10.659708023071289
2007-11-15,12.8100004196167,12.25,12.5600004196167,12.319999694824219,4754500.0,10.389841079711914
2007-11-16,12.569999694824219,11.970000267028809,12.380000114440918,12.15999984741211,4846300.0,10.25490665435791
2007-11-19,12.140000343322754,11.210000038146973,12.0,11.25,8438600.0,9.487476348876953
2007-11-20,12.010000228881836,10.460000038146973,11.5,11.529999732971191,18469900.0,9.723605155944824
2007-11-21,11.460000038146973,10.869999885559082,11.460000038146973,10.960000038146973,8650300.0,9.242912292480469
2007-11-23,11.550000190734863,11.010000228881836,11.039999961853027,11.380000114440918,2802800.0,9.597108840942383
2007-11-26,11.40999984741211,10.569999694824219,11.399999618530273,10.579999923706055,8334500.0,8.922444343566895
2007-11-27,10.920000076293945,10.149999618530273,10.710000038146973,10.40999984741211,8769100.0,8.77907657623291
2007-11-28,10.989999771118164,10.470000267028809,10.529999732971191,10.6899995803833,8369700.0,9.015212059020996
2007-11-29,10.779999732971191,10.270000457763672,10.670000076293945,10.470000267028809,5957700.0,8.829678535461426
2007-11-30,12.149999618530273,10.770000457763672,10.779999732971191,11.970000267028809,16256800.0,10.094672203063965
2007-12-03,12.5,11.630000114440918,11.770000457763672,12.34000015258789,8662400.0,10.406707763671875
2007-12-04,12.479999542236328,12.020000457763672,12.239999771118164,12.020000457763672,6032200.0,10.13683795928955
2007-12-05,12.729999542236328,12.1899995803833,12.1899995803833,12.630000114440918,6583500.0,10.651269912719727
2007-12-06,14.289999961853027,12.5,12.630000114440918,14.119999885559082,15820900.0,11.907835960388184
2007-12-07,14.319999694824219,13.6899995803833,13.989999771118164,13.859999656677246,7319100.0,11.688570976257324
2007-12-10,14.829999923706055,13.75,13.869999885559082,14.760000228881836,7081200.0,12.447569847106934
2007-12-11,14.899999618530273,13.069999694824219,14.850000381469727,13.210000038146973,12300300.0,11.140405654907227
2007-12-12,14.4399995803833,13.399999618530273,14.390000343322754,13.770000457763672,10446300.0,11.61267375946045
2007-12-13,14.050000190734863,13.40999984741211,13.680000305175781,13.970000267028809,6886700.0,11.781340599060059
2007-12-14,14.0,13.25,13.729999542236328,13.3100004196167,5987300.0,11.224739074707031
2007-12-17,14.020000457763672,13.029999732971191,13.229999542236328,13.539999961853027,7494500.0,11.418704986572266
2007-12-18,13.8100004196167,13.260000228881836,13.609999656677246,13.40999984741211,7181400.0,11.309074401855469
2007-12-19,13.5,12.920000076293945,13.369999885559082,13.170000076293945,6919700.0,11.106672286987305
2007-12-20,13.300000190734863,12.680000305175781,13.020000457763672,13.220000267028809,4957000.0,11.148838996887207
2007-12-21,13.75,12.960000038146973,13.460000038146973,13.40999984741211,8398700.0,11.309074401855469
2007-12-24,13.9399995803833,13.229999542236328,13.3100004196167,13.829999923706055,1968900.0,11.663269996643066
2007-12-26,14.0,13.399999618530273,14.0,13.760000228881836,3632200.0,11.604236602783203
2007-12-27,13.970000267028809,13.5,13.59000015258789,13.65999984741211,4627500.0,11.519903182983398
2007-12-28,13.819999694824219,12.979999542236328,13.760000228881836,13.100000381469727,4693700.0,11.047636985778809
2007-12-31,13.680000305175781,12.8100004196167,13.029999732971191,13.170000076293945,5823200.0,11.106672286987305
2008-01-02,13.25,12.789999961853027,13.1899995803833,12.84000015258789,5731900.0,10.828374862670898
2008-01-03,13.0600004196167,11.979999542236328,12.90999984741211,12.149999618530273,6896300.0,10.24647045135498
2008-01-04,12.010000228881836,10.65999984741211,12.010000228881836,10.920000076293945,13329800.0,9.209177017211914
2008-01-07,11.239999771118164,10.369999885559082,11.0,10.960000038146973,11011100.0,9.242912292480469
2008-01-08,11.399999618530273,10.25,11.0,10.270000457763672,11053700.0,8.661012649536133
2008-01-09,10.529999732971191,9.779999732971191,10.25,10.529999732971191,9569700.0,8.880277633666992
2008-01-10,11.399999618530273,10.1899995803833,10.470000267028809,11.140000343322754,10340500.0,9.394707679748535
2008-01-11,11.460000038146973,10.760000228881836,11.149999618530273,11.050000190734863,11052900.0,9.31881046295166
2008-01-14,11.619999885559082,10.90999984741211,11.020000457763672,11.539999961853027,9351000.0,9.73204231262207
2008-01-15,11.59000015258789,11.149999618530273,11.369999885559082,11.300000190734863,9896500.0,9.529642105102539
2008-01-16,12.010000228881836,11.010000228881836,11.010000228881836,11.510000228881836,11934100.0,9.706740379333496
2008-01-17,12.0,11.4399995803833,11.6899995803833,11.710000038146973,13617100.0,9.875408172607422
2008-01-18,12.239999771118164,11.670000076293945,11.8100004196167,12.130000114440918,12328000.0,10.229608535766602
2008-01-22,13.180000305175781,11.5,11.5,12.899999618530273,10612100.0,10.878971099853516
2008-01-23,14.619999885559082,12.4399995803833,12.6899995803833,14.449999809265137,18143600.0,12.186135292053223
2008-01-24,15.579999923706055,14.210000038146973,14.5,15.479999542236328,16479200.0,13.054763793945312
2008-01-25,17.0,15.430000305175781,15.890000343322754,15.430000305175781,18354600.0,13.012601852416992
2008-01-28,15.989999771118164,14.649999618530273,15.199999809265137,15.899999618530273,14337100.0,13.408965110778809
2008-01-29,16.979999542236328,15.5,15.850000381469727,16.729999542236328,16434800.0,14.108932495117188
2008-01-30,16.649999618530273,15.529999732971191,16.649999618530273,15.619999885559082,14453200.0,13.172833442687988
2008-01-31,17.799999237060547,14.949999809265137,15.100000381469727,17.260000228881836,19952400.0,14.555896759033203
2008-02-01,17.780000686645508,16.520000457763672,17.290000915527344,17.309999465942383,15763400.0,14.59805965423584
2008-02-04,17.25,16.280000686645508,17.25,16.559999465942383,9525200.0,13.96556568145752
2008-02-05,16.940000534057617,15.350000381469727,16.290000915527344,15.449999809265137,14526700.0,13.029468536376953
2008-02-06,15.770000457763672,14.539999961853027,15.640000343322754,14.8100004196167,10853000.0,12.489734649658203
2008-02-07,16.610000610351562,14.489999771118164,14.510000228881836,15.039999961853027,16956300.0,12.68370246887207
2008-02-08,15.270000457763672,13.640000343322754,15.0600004196167,14.170000076293945,12175100.0,12.070384979248047
2008-02-11,14.739999771118164,13.75,14.1899995803833,14.5,7083100.0,12.351489067077637
2008-02-12,14.890000343322754,13.960000038146973,14.619999885559082,14.1899995803833,6559800.0,12.087423324584961
2008-02-13,14.520000457763672,13.920000076293945,14.319999694824219,14.460000038146973,7287000.0,12.317415237426758
2008-02-14,14.699999809265137,13.979999542236328,14.489999771118164,14.079999923706055,5445600.0,11.993721008300781
2008-02-15,14.140000343322754,13.399999618530273,14.039999961853027,13.819999694824219,6251700.0,11.772247314453125
2008-02-19,14.609999656677246,13.59000015258789,13.930000305175781,14.289999961853027,12011000.0,12.172605514526367
2008-02-20,15.489999771118164,14.010000228881836,14.140000343322754,15.449999809265137,11988100.0,13.160727500915527
2008-02-21,16.350000381469727,15.1899995803833,15.470000267028809,15.319999694824219,13709500.0,13.049988746643066
2008-02-22,15.319999694824219,14.5,15.15999984741211,15.220000267028809,8587500.0,12.96480655670166
2008-02-25,15.539999961853027,14.829999923706055,15.199999809265137,15.5,8006700.0,13.203317642211914
2008-02-26,16.719999313354492,15.25,15.399999618530273,16.43000030517578,11286600.0,13.995514869689941
2008-02-27,17.600000381469727,16.260000228881836,16.360000610351562,17.100000381469727,13483500.0,14.56623649597168
2008-02-28,16.93000030517578,15.319999694824219,16.760000228881836,15.520000457763672,12728900.0,13.220354080200195
2008-02-29,15.229999542236328,13.859999656677246,15.109999656677246,14.029999732971191,13941900.0,11.951130867004395
2008-03-03,13.949999809265137,13.3100004196167,13.859999656677246,13.59000015258789,11457100.0,11.576330184936523
2008-03-04,13.9399995803833,13.100000381469727,13.4399995803833,13.75,11116600.0,11.712621688842773
2008-03-05,14.6899995803833,13.550000190734863,13.989999771118164,14.260000228881836,12749000.0,12.147049903869629
2008-03-06,14.260000228881836,13.010000228881836,14.170000076293945,13.149999618530273,8343000.0,11.201521873474121
2008-03-07,13.329999923706055,12.550000190734863,12.760000228881836,12.960000038146973,8292100.0,11.039674758911133
2008-03-10,13.279999732971191,12.430000305175781,13.0,12.789999961853027,8857400.0,10.894865989685059
2008-03-11,14.329999923706055,13.199999809265137,13.449999809265137,14.329999923706055,12566000.0,12.206679344177246
2008-03-12,14.630000114440918,13.579999923706055,14.489999771118164,13.640000343322754,8173900.0,11.618917465209961
2008-03-13,14.779999732971191,12.8100004196167,13.130000114440918,14.489999771118164,14012700.0,12.342972755432129
2008-03-14,14.920000076293945,13.430000305175781,14.609999656677246,13.90999984741211,12299500.0,11.848913192749023
2008-03-17,14.079999923706055,12.90999984741211,13.0,13.720000267028809,10610700.0,11.687064170837402
2008-03-18,15.229999542236328,14.010000228881836,14.350000381469727,14.760000228881836,13073500.0,12.572964668273926
2008-03-19,15.680000305175781,14.539999961853027,14.979999542236328,14.630000114440918,8858200.0,12.462225914001465
2008-03-20,16.049999237060547,14.600000381469727,14.640000343322754,15.680000305175781,10787500.0,13.356645584106445
2008-03-24,17.489999771118164,15.800000190734863,15.850000381469727,16.700000762939453,15919400.0,14.225505828857422
2008-03-25,17.0,16.15999984741211,16.989999771118164,16.25,16509000.0,13.842185974121094
2008-03-26,16.329999923706055,15.109999656677246,16.079999923706055,15.199999809265137,15864400.0,12.94776725769043
2008-03-27,16.1200008392334,15.319999694824219,15.569999694824219,15.529999732971191,11753000.0,13.228869438171387
2008-03-28,15.729999542236328,15.15999984741211,15.489999771118164,15.359999656677246,5975400.0,13.084061622619629
2008-03-31,16.040000915527344,15.010000228881836,15.359999656677246,15.75,8522700.0,13.416274070739746
2008-04-01,17.170000076293945,15.949999809265137,15.949999809265137,17.06999969482422,11695300.0,14.540684700012207
2008-04-02,17.950000762939453,16.90999984741211,17.059999465942383,17.15999984741211,14308400.0,14.617344856262207
2008-04-03,17.459999084472656,16.43000030517578,16.989999771118164,17.229999542236328,8997300.0,14.676979064941406
2008-04-04,17.350000381469727,16.6299991607666,17.270000457763672,16.93000030517578,7410700.0,14.421432495117188
2008-04-07,17.790000915527344,16.90999984741211,17.100000381469727,16.959999084472656,7536700.0,14.446981430053711
2008-04-08,16.8700008392334,16.0,16.8700008392334,16.219999313354492,8936600.0,13.816630363464355
2008-04-09,16.420000076293945,15.649999618530273,16.260000228881836,15.710000038146973,8007900.0,13.38219928741455
2008-04-10,16.5,15.600000381469727,15.600000381469727,16.100000381469727,9303800.0,13.714410781860352
2008-04-11,16.329999923706055,15.619999885559082,15.869999885559082,15.720000267028809,4845900.0,13.390717506408691
2008-04-14,15.59000015258789,15.0,15.569999694824219,15.130000114440918,6567300.0,12.888141632080078
2008-04-15,15.59000015258789,14.899999618530273,15.210000038146973,15.489999771118164,5716200.0,13.194798469543457
2008-04-16,16.280000686645508,15.390000343322754,15.65999984741211,16.219999313354492,6867100.0,13.816630363464355
2008-04-17,16.360000610351562,15.649999618530273,16.100000381469727,16.239999771118164,8528700.0,13.833664894104004
2008-04-18,17.079999923706055,16.440000534057617,16.549999237060547,16.709999084472656,8072900.0,14.234028816223145
2008-04-21,16.739999771118164,16.239999771118164,16.59000015258789,16.639999389648438,4782900.0,14.174398422241211
2008-04-22,16.780000686645508,16.079999923706055,16.549999237060547,16.270000457763672,5301700.0,13.859219551086426
2008-04-23,16.40999984741211,15.529999732971191,16.280000686645508,15.890000343322754,9848700.0,13.535530090332031
2008-04-24,17.15999984741211,15.319999694824219,15.84000015258789,16.729999542236328,8220300.0,14.251066207885742
2008-04-25,17.209999084472656,16.3700008392334,16.790000915527344,17.030000686645508,5525000.0,14.506611824035645
2008-04-28,17.420000076293945,16.399999618530273,17.059999465942383,17.149999618530273,7779200.0,14.608826637268066
2008-04-29,17.049999237060547,16.260000228881836,17.049999237060547,16.690000534057617,6686000.0,14.216989517211914
2008-04-30,16.709999084472656,15.460000038146973,16.690000534057617,15.489999771118164,9160800.0,13.194798469543457
2008-05-01,16.110000610351562,15.3100004196167,15.449999809265137,15.850000381469727,8942900.0,13.501453399658203
2008-05-02,16.299999237060547,15.510000228881836,16.239999771118164,15.649999618530273,5868800.0,13.331089973449707
2008-05-05,16.219999313354492,15.539999961853027,15.739999771118164,15.970000267028809,5822100.0,13.60367488861084
2008-05-06,16.940000534057617,15.350000381469727,15.359999656677246,16.850000381469727,12232400.0,14.353285789489746
2008-05-07,16.770000457763672,15.5,16.719999313354492,15.739999771118164,8090500.0,13.407754898071289
2008-05-08,16.059999465942383,15.029999732971191,15.829999923706055,15.1899995803833,7080900.0,12.939251899719238
2008-05-09,15.460000038146973,14.550000190734863,15.180000305175781,14.829999923706055,6605600.0,12.632591247558594
2008-05-12,15.260000228881836,14.829999923706055,14.829999923706055,15.149999618530273,5701000.0,12.905176162719727
2008-05-13,15.220000267028809,14.5600004196167,15.149999618530273,14.930000305175781,5190400.0,12.7177734375
2008-05-14,15.600000381469727,14.930000305175781,14.9399995803833,15.359999656677246,6713800.0,13.084061622619629
2008-05-15,15.890000343322754,15.1899995803833,15.3100004196167,15.789999961853027,8631900.0,13.516343116760254
2008-05-16,16.31999969482422,15.399999618530273,16.290000915527344,15.489999771118164,7812300.0,13.259540557861328
2008-05-19,15.5,14.890000343322754,15.460000038146973,15.010000228881836,7447600.0,12.848658561706543
2008-05-20,14.90999984741211,14.149999618530273,14.90999984741211,14.319999694824219,8971500.0,12.258012771606445
2008-05-21,14.319999694824219,13.100000381469727,14.319999694824219,13.430000305175781,11637700.0,11.496166229248047
2008-05-22,13.729999542236328,13.260000228881836,13.470000267028809,13.399999618530273,7720800.0,11.470486640930176
2008-05-23,13.399999618530273,12.619999885559082,13.399999618530273,13.039999961853027,9143800.0,11.16232681274414
2008-05-27,13.470000267028809,12.949999809265137,13.029999732971191,13.050000190734863,8319800.0,11.170886039733887
2008-05-28,13.369999885559082,12.59000015258789,13.130000114440918,12.920000076293945,10494200.0,11.059605598449707
2008-05-29,12.850000381469727,12.449999809265137,12.850000381469727,12.630000114440918,10673100.0,10.811361312866211
2008-05-30,12.960000038146973,12.600000381469727,12.739999771118164,12.710000038146973,5830400.0,10.879842758178711
2008-06-02,12.6899995803833,12.199999809265137,12.600000381469727,12.539999961853027,6233400.0,10.734323501586914
2008-06-03,13.260000228881836,12.619999885559082,12.619999885559082,13.170000076293945,8613800.0,11.273603439331055
2008-06-04,13.300000190734863,12.630000114440918,13.140000343322754,12.649999618530273,9726800.0,10.828483581542969
2008-06-05,12.949999809265137,12.220000267028809,12.680000305175781,12.630000114440918,12850100.0,10.811361312866211
2008-06-06,12.5,11.569999694824219,12.5,11.640000343322754,10399400.0,9.963918685913086
2008-06-09,12.100000381469727,11.229999542236328,11.619999885559082,11.729999542236328,10492000.0,10.040953636169434
2008-06-10,12.359999656677246,11.319999694824219,11.619999885559082,12.170000076293945,9926800.0,10.417598724365234
2008-06-11,12.239999771118164,11.180000305175781,12.210000038146973,11.1899995803833,7465200.0,9.578713417053223
2008-06-12,11.770000457763672,11.210000038146973,11.210000038146973,11.420000076293945,6038500.0,9.775594711303711
2008-06-13,11.930000305175781,11.390000343322754,11.479999542236328,11.899999618530273,3941100.0,10.186479568481445
2008-06-16,12.25,11.670000076293945,11.880000114440918,12.180000305175781,4958700.0,10.426161766052246
2008-06-17,12.350000381469727,11.609999656677246,12.229999542236328,12.010000228881836,5986000.0,10.280637741088867
2008-06-18,12.329999923706055,11.739999771118164,11.989999771118164,12.149999618530273,8583200.0,10.400476455688477
2008-06-19,12.640000343322754,11.949999809265137,12.170000076293945,12.5600004196167,8150300.0,10.751444816589355
2008-06-20,12.460000038146973,12.100000381469727,12.380000114440918,12.199999809265137,7834000.0,10.443277359008789
2008-06-23,12.350000381469727,11.699999809265137,12.319999694824219,11.760000228881836,6774000.0,10.066636085510254
2008-06-24,13.319999694824219,11.600000381469727,12.390000343322754,12.619999885559082,13585000.0,10.802801132202148
2008-06-25,13.359999656677246,12.390000343322754,12.829999923706055,12.510000228881836,7829900.0,10.708642959594727
2008-06-26,12.470000267028809,11.600000381469727,12.470000267028809,11.800000190734863,9498700.0,10.10087776184082
2008-06-27,12.0600004196167,11.34000015258789,11.789999961853027,11.579999923706055,8440200.0,9.912555694580078
2008-06-30,11.569999694824219,10.739999771118164,11.569999694824219,10.850000381469727,10299400.0,9.287668228149414
2008-07-01,11.229999542236328,10.390000343322754,10.739999771118164,11.15999984741211,9345300.0,9.553031921386719
2008-07-02,11.399999618530273,10.550000190734863,11.1899995803833,10.600000381469727,6675200.0,9.073667526245117
2008-07-03,10.739999771118164,10.279999732971191,10.699999809265137,10.550000190734863,5609900.0,9.030871391296387
2008-07-07,10.789999961853027,9.680000305175781,10.550000190734863,10.09000015258789,10562800.0,8.637104034423828
2008-07-08,11.020000457763672,9.649999618530273,10.020000457763672,11.0,13118800.0,9.416074752807617
2008-07-09,11.649999618530273,10.0600004196167,11.279999732971191,10.100000381469727,15122200.0,8.645666122436523
2008-07-10,10.430000305175781,9.739999771118164,10.100000381469727,9.920000076293945,9636700.0,8.491584777832031
2008-07-11,10.180000305175781,9.3100004196167,9.40999984741211,9.619999885559082,13923800.0,8.234780311584473
2008-07-14,10.109999656677246,9.479999542236328,10.109999656677246,9.569999694824219,6858400.0,8.191984176635742
2008-07-15,9.949999809265137,8.930000305175781,9.470000267028809,9.630000114440918,9485700.0,8.243340492248535
2008-07-16,11.3100004196167,9.449999809265137,9.550000190734863,11.069999694824219,10373300.0,9.475990295410156
2008-07-17,11.6899995803833,10.479999542236328,11.289999961853027,11.4399995803833,12132500.0,9.792713165283203
2008-07-18,11.600000381469727,10.779999732971191,11.600000381469727,11.130000114440918,6642100.0,9.527353286743164
2008-07-21,11.470000267028809,10.779999732971191,11.1899995803833,11.119999885559082,5962300.0,9.518791198730469
2008-07-22,12.010000228881836,10.600000381469727,11.069999694824219,11.890000343322754,5705900.0,10.177919387817383
2008-07-23,13.289999961853027,11.739999771118164,11.930000305175781,12.529999732971191,12575100.0,10.725764274597168
2008-07-24,12.539999961853027,10.670000076293945,12.460000038146973,10.800000190734863,9531500.0,9.244869232177734
2008-07-25,11.479999542236328,10.430000305175781,10.75,10.800000190734863,8327700.0,9.244869232177734
2008-07-28,11.170000076293945,10.260000228881836,10.970000267028809,10.479999542236328,7735700.0,8.970946311950684
2008-07-29,11.239999771118164,10.34000015258789,10.539999961853027,11.140000343322754,7944800.0,9.535913467407227
2008-07-30,11.739999771118164,10.520000457763672,11.390000343322754,10.9399995803833,6954000.0,9.36470890045166
2008-07-31,11.65999984741211,10.510000228881836,10.75,11.119999885559082,6084100.0,9.518791198730469
2008-08-01,11.449999809265137,10.59000015258789,11.100000381469727,11.229999542236328,5998500.0,9.612953186035156
2008-08-04,11.460000038146973,10.789999961853027,11.039999961853027,11.220000267028809,7609300.0,9.604394912719727
2008-08-05,11.550000190734863,10.680000305175781,11.180000305175781,11.1899995803833,9145400.0,9.578713417053223
2008-08-06,11.65999984741211,10.640000343322754,11.119999885559082,11.4399995803833,8441100.0,9.792713165283203
2008-08-07,11.600000381469727,10.850000381469727,11.100000381469727,11.170000076293945,11154500.0,9.561590194702148
2008-08-08,12.359999656677246,11.010000228881836,11.09000015258789,12.039999961853027,8898300.0,10.306316375732422
2008-08-11,13.020000457763672,11.90999984741211,12.010000228881836,12.210000038146973,8110800.0,10.451838493347168
2008-08-12,12.420000076293945,11.239999771118164,12.210000038146973,11.40999984741211,7591100.0,9.767030715942383
2008-08-13,11.609999656677246,10.699999809265137,11.399999618530273,11.050000190734863,8455500.0,9.45887279510498
2008-08-14,11.800000190734863,10.760000228881836,11.020000457763672,11.600000381469727,6362100.0,9.99753189086914
2008-08-15,12.4399995803833,11.680000305175781,11.680000305175781,11.729999542236328,6410900.0,10.109573364257812
2008-08-18,11.859999656677246,10.899999618530273,11.760000228881836,10.989999771118164,6447200.0,9.471799850463867
2008-08-19,10.979999542236328,10.420000076293945,10.779999732971191,10.699999809265137,6160900.0,9.221860885620117
2008-08-20,10.850000381469727,10.399999618530273,10.779999732971191,10.729999542236328,5272600.0,9.247718811035156
2008-08-21,11.470000267028809,10.40999984741211,10.479999542236328,11.399999618530273,7112200.0,9.825159072875977
2008-08-22,11.739999771118164,10.84000015258789,11.720000267028809,11.350000381469727,6127600.0,9.782068252563477
2008-08-25,11.420000076293945,10.90999984741211,11.109999656677246,10.989999771118164,4710100.0,9.471799850463867
2008-08-26,11.319999694824219,10.75,10.779999732971191,10.949999809265137,4928700.0,9.437324523925781
2008-08-27,11.6899995803833,11.020000457763672,11.109999656677246,11.65999984741211,6956100.0,10.04924488067627
2008-08-28,12.34000015258789,11.600000381469727,11.670000076293945,12.1899995803833,7882100.0,10.506030082702637
2008-08-29,12.729999542236328,12.050000190734863,12.229999542236328,12.460000038146973,5529100.0,10.738728523254395
2008-09-02,13.619999885559082,12.550000190734863,12.90999984741211,12.869999885559082,9991600.0,11.092092514038086
2008-09-03,13.0,12.390000343322754,12.779999732971191,12.899999618530273,5927400.0,11.117945671081543
2008-09-04,12.619999885559082,11.789999961853027,12.550000190734863,12.050000190734863,7649000.0,10.38536548614502
2008-09-05,12.65999984741211,11.479999542236328,11.970000267028809,12.579999923706055,7063400.0,10.842148780822754
2008-09-08,14.319999694824219,13.050000190734863,13.979999542236328,14.109999656677246,20335800.0,12.160791397094727
2008-09-09,13.979999542236328,12.449999809265137,13.529999732971191,12.829999923706055,15780000.0,11.057618141174316
2008-09-10,13.65999984741211,12.5600004196167,12.90999984741211,13.220000267028809,12882300.0,11.393739700317383
2008-09-11,13.75,12.609999656677246,12.84000015258789,13.680000305175781,10740200.0,11.79019546508789
2008-09-12,14.390000343322754,13.289999961853027,13.399999618530273,13.899999618530273,8967500.0,11.979802131652832
2008-09-15,13.680000305175781,12.470000267028809,13.010000228881836,12.550000190734863,11557100.0,10.816295623779297
2008-09-16,13.069999694824219,11.640000343322754,12.109999656677246,12.829999923706055,12653600.0,11.057618141174316
2008-09-17,12.979999542236328,11.899999618530273,12.520000457763672,12.1899995803833,12847100.0,10.506030082702637
2008-09-18,13.819999694824219,10.890000343322754,12.710000038146973,13.609999656677246,22166900.0,11.729863166809082
2008-09-19,15.460000038146973,14.029999732971191,14.630000114440918,15.039999961853027,19230800.0,12.962319374084473
2008-09-22,15.149999618530273,12.449999809265137,15.149999618530273,12.550000190734863,11569400.0,10.816295623779297
2008-09-23,13.170000076293945,12.140000343322754,12.59000015258789,12.420000076293945,10516000.0,10.704253196716309
2008-09-24,13.329999923706055,12.229999542236328,12.600000381469727,13.180000305175781,8431300.0,11.359267234802246
2008-09-25,14.0,13.050000190734863,13.380000114440918,13.920000076293945,11192300.0,11.997037887573242
2008-09-26,13.850000381469727,13.210000038146973,13.220000267028809,13.8100004196167,12451600.0,11.902237892150879
2008-09-29,13.670000076293945,11.710000038146973,13.600000381469727,12.100000381469727,15381500.0,10.428459167480469
2008-09-30,13.119999885559082,11.6899995803833,12.220000267028809,13.020000457763672,8542400.0,11.221366882324219
2008-10-01,13.399999618530273,12.390000343322754,12.539999961853027,13.279999732971191,8941400.0,11.445450782775879
2008-10-02,13.369999885559082,11.960000038146973,13.130000114440918,12.079999923706055,8898100.0,10.411221504211426
2008-10-03,12.630000114440918,10.930000305175781,12.399999618530273,11.069999694824219,12693100.0,9.540749549865723
2008-10-06,10.869999885559082,9.729999542236328,10.550000190734863,10.579999923706055,13892000.0,9.118438720703125
2008-10-07,10.720000267028809,9.600000381469727,10.520000457763672,9.789999961853027,12905100.0,8.437570571899414
2008-10-08,10.479999542236328,8.789999961853027,8.920000076293945,9.739999771118164,18392900.0,8.39448070526123
2008-10-09,10.15999984741211,7.929999828338623,10.15999984741211,8.130000114440918,15103400.0,7.006893157958984
2008-10-10,8.680000305175781,7.179999828338623,7.610000133514404,8.529999732971191,19173200.0,7.351633071899414
2008-10-13,9.390000343322754,8.210000038146973,9.260000228881836,8.59000015258789,11188900.0,7.403347015380859
2008-10-14,9.239999771118164,7.769999980926514,9.15999984741211,8.210000038146973,11949300.0,7.075840473175049
2008-10-15,8.0600004196167,7.050000190734863,7.880000114440918,7.320000171661377,12078400.0,6.308786392211914
2008-10-16,7.559999942779541,6.46999979019165,7.190000057220459,7.380000114440918,16524100.0,6.360499382019043
2008-10-17,7.099999904632568,6.619999885559082,6.820000171661377,6.769999980926514,20632400.0,5.8347673416137695
2008-10-20,7.269999980926514,6.710000038146973,6.949999809265137,7.199999809265137,8288300.0,6.205364227294922
2008-10-21,7.340000152587891,6.769999980926514,6.960000038146973,6.78000020980835,8024700.0,5.843386173248291
2008-10-22,7.130000114440918,6.349999904632568,6.630000114440918,6.489999771118164,11212200.0,5.593445777893066
2008-10-23,6.659999847412109,4.590000152587891,6.539999961853027,5.130000114440918,24805100.0,4.421321868896484
2008-10-24,5.590000152587891,4.519999980926514,4.590000152587891,5.070000171661377,14608400.0,4.369612216949463
2008-10-27,5.289999961853027,4.670000076293945,4.860000133514404,4.699999809265137,10095000.0,4.050724029541016
2008-10-28,5.460000038146973,4.329999923706055,4.920000076293945,5.159999847412109,11079300.0,4.447177886962891
2008-10-29,6.329999923706055,5.0,5.130000114440918,5.960000038146973,16133800.0,5.136662006378174
2008-10-30,6.650000095367432,6.03000020980835,6.099999904632568,6.480000019073486,13210000.0,5.584827899932861
2008-10-31,7.380000114440918,6.21999979019165,6.369999885559082,7.380000114440918,13182700.0,6.360499382019043
2008-11-03,7.710000038146973,6.550000190734863,7.630000114440918,6.679999828338623,10182700.0,5.757200241088867
2008-11-04,7.21999979019165,6.670000076293945,7.010000228881836,6.869999885559082,8871300.0,5.920953750610352
2008-11-05,7.960000038146973,6.559999942779541,6.679999828338623,6.809999942779541,12253300.0,5.869241237640381
2008-11-06,7.360000133514404,6.579999923706055,6.880000114440918,7.320000171661377,15723400.0,6.308786392211914
2008-11-07,7.380000114440918,6.650000095367432,7.260000228881836,6.880000114440918,10467800.0,5.929572582244873
2008-11-10,7.139999866485596,6.139999866485596,7.099999904632568,6.239999771118164,7074100.0,5.3779826164245605
2008-11-11,6.519999980926514,5.860000133514404,6.079999923706055,6.329999923706055,6948800.0,5.4555511474609375
2008-11-12,6.150000095367432,5.5,6.150000095367432,5.579999923706055,8269300.0,4.809158802032471
2008-11-13,6.070000171661377,4.960000038146973,5.599999904632568,6.070000171661377,12357100.0,5.231466770172119
2008-11-14,6.570000171661377,5.550000190734863,5.809999942779541,5.789999961853027,8311900.0,4.990147590637207
2008-11-17,6.010000228881836,5.559999942779541,5.679999828338623,5.769999980926514,7686300.0,4.9729108810424805
2008-11-18,5.940000057220459,5.269999980926514,5.739999771118164,5.559999942779541,7983300.0,4.791921615600586
2008-11-19,5.5,4.760000228881836,5.420000076293945,4.78000020980835,10118500.0,4.119673252105713
2008-11-20,5.25,4.449999809265137,4.75,4.519999980926514,7752200.0,3.895590305328369
2008-11-21,4.800000190734863,3.7899999618530273,4.800000190734863,4.340000152587891,14005900.0,3.74045729637146
2008-11-24,5.320000171661377,4.25,4.400000095367432,5.0,9320700.0,4.309280872344971
2008-11-25,7.440000057220459,5.25,5.25,6.900000095367432,21477000.0,5.946808815002441
2008-11-26,8.100000381469727,6.409999847412109,6.679999828338623,7.519999980926514,15739800.0,6.481159687042236
2008-11-28,7.760000228881836,6.650000095367432,7.440000057220459,6.869999885559082,4849200.0,5.920953750610352
2008-12-01,6.840000152587891,5.909999847412109,6.650000095367432,6.019999980926514,7710900.0,5.188374042510986
2008-12-02,6.650000095367432,5.96999979019165,6.130000114440918,6.639999866485596,6721100.0,5.7227253913879395
2008-12-03,7.659999847412109,6.349999904632568,6.380000114440918,7.28000020980835,11884100.0,6.274314880371094
2008-12-04,8.5600004196167,7.050000190734863,7.130000114440918,7.820000171661377,13167700.0,6.7746124267578125
2008-12-05,8.220000267028809,7.099999904632568,7.630000114440918,8.170000076293945,8307800.0,7.077823638916016
2008-12-08,8.600000381469727,7.849999904632568,8.539999961853027,8.5,7583900.0,7.363710880279541
2008-12-09,8.739999771118164,7.619999885559082,8.359999656677246,7.769999980926514,7763200.0,6.731296539306641
2008-12-10,8.40999984741211,7.510000228881836,8.0600004196167,8.34000015258789,7991600.0,7.225100040435791
2008-12-11,8.350000381469727,7.409999847412109,8.210000038146973,7.539999961853027,7048600.0,6.532041549682617
2008-12-12,8.09000015258789,7.130000114440918,7.179999828338623,7.78000020980835,6318100.0,6.739959239959717
2008-12-15,7.599999904632568,6.849999904632568,7.5,7.019999980926514,6276000.0,6.081557750701904
2008-12-16,7.860000133514404,6.880000114440918,6.889999866485596,7.789999961853027,8221600.0,6.748623371124268
2008-12-17,8.899999618530273,7.550000190734863,7.599999904632568,8.399999618530273,9533000.0,7.277079105377197
2008-12-18,8.949999809265137,7.360000133514404,8.460000038146973,7.670000076293945,11302300.0,6.644664764404297
2008-12-19,8.0,7.289999961853027,7.869999885559082,7.440000057220459,12899300.0,6.445411682128906
2008-12-22,7.599999904632568,6.75,7.480000019073486,7.050000190734863,5090000.0,6.107547760009766
2008-12-23,7.260000228881836,6.789999961853027,7.099999904632568,6.840000152587891,4550600.0,5.925620079040527
2008-12-24,7.0,6.699999809265137,7.0,6.75,1208500.0,5.847651481628418
2008-12-26,6.980000019073486,6.53000020980835,6.690000057220459,6.579999923706055,2284800.0,5.700378894805908
2008-12-29,6.679999828338623,6.239999771118164,6.599999904632568,6.519999980926514,4173000.0,5.648398399353027
2008-12-30,7.03000020980835,6.300000190734863,6.619999885559082,6.989999771118164,4357600.0,6.055568218231201
2008-12-31,7.190000057220459,6.800000190734863,6.920000076293945,7.070000171661377,4392600.0,6.124874114990234
2009-01-02,7.440000057220459,6.849999904632568,7.099999904632568,7.340000152587891,4164400.0,6.358778476715088
2009-01-05,8.09000015258789,7.150000095367432,7.400000095367432,8.0,7633500.0,6.930550575256348
2009-01-06,8.390000343322754,7.860000133514404,8.279999732971191,8.0,8488700.0,6.930550575256348
2009-01-07,7.960000038146973,7.440000057220459,7.840000152587891,7.570000171661377,5802300.0,6.5580339431762695
2009-01-08,8.199999809265137,7.28000020980835,7.28000020980835,8.149999618530273,6393900.0,7.060497283935547
2009-01-09,8.109999656677246,7.199999809265137,7.96999979019165,7.880000114440918,12101000.0,6.826592922210693
2009-01-12,8.050000190734863,7.159999847412109,8.050000190734863,7.230000019073486,7419900.0,6.263484477996826
2009-01-13,7.5,6.869999885559082,7.230000019073486,7.199999809265137,6860600.0,6.237494468688965
2009-01-14,7.159999847412109,6.5,7.159999847412109,6.570000171661377,6465400.0,5.691715240478516
2009-01-15,7.099999904632568,6.179999828338623,6.610000133514404,6.599999904632568,8834100.0,5.717705249786377
2009-01-16,6.980000019073486,6.28000020980835,6.710000038146973,6.78000020980835,7599700.0,5.8736419677734375
2009-01-20,6.840000152587891,5.980000019073486,6.730000019073486,6.070000171661377,10323300.0,5.2585530281066895
2009-01-21,6.349999904632568,5.71999979019165,6.199999809265137,6.320000171661377,8786400.0,5.4751362800598145
2009-01-22,6.300000190734863,5.889999866485596,6.070000171661377,6.059999942779541,6015000.0,5.249891757965088
2009-01-23,6.699999809265137,5.820000171661377,5.980000019073486,6.380000114440918,7674400.0,5.527113437652588
2009-01-26,6.900000095367432,6.190000057220459,6.480000019073486,6.480000019073486,9366400.0,5.613744258880615
2009-01-27,6.670000076293945,6.25,6.510000228881836,6.400000095367432,5126100.0,5.544440269470215
2009-01-28,7.199999809265137,6.570000171661377,6.699999809265137,7.010000228881836,7786400.0,6.072895050048828
2009-01-29,7.010000228881836,6.019999980926514,6.829999923706055,6.159999847412109,9075800.0,5.336523056030273
2009-01-30,6.150000095367432,5.840000152587891,6.03000020980835,5.960000038146973,6848600.0,5.163259506225586
2009-02-02,6.349999904632568,5.730000019073486,5.900000095367432,6.110000133514404,8526800.0,5.293208599090576
2009-02-03,7.820000171661377,6.409999847412109,6.409999847412109,7.420000076293945,19399200.0,6.428085803985596
2009-02-04,7.96999979019165,7.300000190734863,7.320000171661377,7.519999980926514,14639300.0,6.514718532562256
2009-02-05,8.1899995803833,7.5,7.5,8.069999694824219,14639100.0,6.991190433502197
2009-02-06,9.8100004196167,8.0600004196167,8.09000015258789,9.140000343322754,24034900.0,7.918154716491699
2009-02-09,9.600000381469727,8.699999809265137,9.59000015258789,9.029999732971191,12353600.0,7.822858810424805
2009-02-10,9.399999618530273,8.020000457763672,8.850000381469727,8.170000076293945,15009700.0,7.077823638916016
2009-02-11,8.829999923706055,7.989999771118164,8.319999694824219,8.489999771118164,14944300.0,7.388960361480713
2009-02-12,8.5600004196167,7.760000228881836,8.100000381469727,8.470000267028809,13337100.0,7.371553421020508
2009-02-13,9.09000015258789,8.130000114440918,8.40999984741211,8.960000038146973,16118200.0,7.798010349273682
2009-02-17,9.149999618530273,8.3100004196167,8.430000305175781,8.920000076293945,15894500.0,7.7631964683532715
2009-02-18,9.3100004196167,8.34000015258789,9.010000228881836,8.4399995803833,16625800.0,7.345446586608887
2009-02-19,8.770000457763672,7.489999771118164,8.770000457763672,7.539999961853027,15325300.0,6.562164306640625
2009-02-20,7.860000133514404,7.179999828338623,7.21999979019165,7.619999885559082,15121900.0,6.63178825378418
2009-02-23,8.390000343322754,7.760000228881836,7.829999923706055,8.010000228881836,11320800.0,6.971212387084961
2009-02-24,9.380000114440918,8.09000015258789,8.109999656677246,8.899999618530273,13345600.0,7.74578857421875
2009-02-25,9.239999771118164,8.3100004196167,8.699999809265137,8.90999984741211,14716000.0,7.754495143890381
2009-02-26,9.399999618530273,8.329999923706055,9.109999656677246,8.470000267028809,9900000.0,7.371553421020508
2009-02-27,8.979999542236328,8.25,8.369999885559082,8.449999809265137,11993100.0,7.354146957397461
2009-03-02,8.670000076293945,8.0,8.210000038146973,8.050000190734863,10411600.0,7.006021499633789
2009-03-03,8.319999694824219,7.210000038146973,7.789999961853027,7.320000171661377,14083100.0,6.370694637298584
2009-03-04,7.889999866485596,7.25,7.46999979019165,7.699999809265137,11996100.0,6.701414585113525
2009-03-05,7.480000019073486,6.920000076293945,7.400000095367432,7.010000228881836,12424600.0,6.100897312164307
2009-03-06,7.260000228881836,6.71999979019165,7.099999904632568,6.929999828338623,9181600.0,6.031271457672119
2009-03-09,7.449999809265137,6.619999885559082,6.670000076293945,6.889999866485596,8689600.0,5.996459007263184
2009-03-10,7.96999979019165,7.0,7.0,7.900000095367432,13320000.0,6.87547492980957
2009-03-11,8.239999771118164,7.789999961853027,8.010000228881836,8.010000228881836,6097500.0,6.971212387084961
2009-03-12,8.489999771118164,7.619999885559082,7.829999923706055,8.40999984741211,8676000.0,7.319337844848633
2009-03-13,8.670000076293945,7.949999809265137,8.65999984741211,8.489999771118164,6449800.0,7.388960361480713
2009-03-16,8.699999809265137,7.980000019073486,8.619999885559082,8.029999732971191,8646300.0,6.988617420196533
2009-03-17,8.470000267028809,7.599999904632568,8.300000190734863,8.420000076293945,12094800.0,7.3280415534973145
2009-03-18,9.399999618530273,7.75,8.420000076293945,9.069999694824219,15471100.0,7.893743515014648
2009-03-19,9.699999809265137,8.8100004196167,9.25,8.869999885559082,13716600.0,7.719681262969971
2009-03-20,8.930000305175781,8.260000228881836,8.920000076293945,8.369999885559082,11756700.0,7.284523963928223
2009-03-23,9.90999984741211,8.640000343322754,8.9399995803833,9.890000343322754,11492300.0,8.60739517211914
2009-03-24,10.09000015258789,9.470000267028809,9.649999618530273,9.510000228881836,11919800.0,8.276680946350098
2009-03-25,10.869999885559082,9.479999542236328,9.699999809265137,10.0600004196167,18910500.0,8.755356788635254
2009-03-26,11.039999961853027,10.220000267028809,10.220000267028809,10.930000305175781,12363500.0,9.512527465820312
2009-03-27,11.350000381469727,10.600000381469727,10.890000343322754,10.8100004196167,9709600.0,9.408090591430664
2009-03-30,10.449999809265137,9.869999885559082,10.449999809265137,10.069999694824219,10218300.0,8.764056205749512
2009-03-31,10.34000015258789,9.479999542236328,10.34000015258789,9.699999809265137,11409100.0,8.442041397094727
2009-04-01,10.270000457763672,9.289999961853027,9.350000381469727,10.130000114440918,10708400.0,8.816274642944336
2009-04-02,11.149999618530273,10.489999771118164,10.489999771118164,10.989999771118164,12343400.0,9.564743995666504
2009-04-03,11.600000381469727,10.59000015258789,10.859999656677246,11.529999732971191,10122400.0,10.034709930419922
2009-04-06,11.5600004196167,10.640000343322754,11.300000190734863,11.010000228881836,13047500.0,9.5821533203125
2009-04-07,10.760000228881836,10.0,10.710000038146973,10.199999809265137,7642800.0,8.877197265625
2009-04-08,10.970000267028809,9.319999694824219,10.970000267028809,9.789999961853027,16329900.0,8.520371437072754
2009-04-09,10.739999771118164,10.0,10.15999984741211,10.640000343322754,8381100.0,9.260138511657715
2009-04-13,10.84000015258789,10.170000076293945,10.5,10.720000267028809,5097400.0,9.329761505126953
2009-04-14,10.949999809265137,10.170000076293945,10.75,10.3100004196167,5971400.0,8.972929954528809
2009-04-15,11.510000228881836,10.199999809265137,10.199999809265137,11.15999984741211,12889500.0,9.712698936462402
2009-04-16,11.84000015258789,10.75,11.289999961853027,11.600000381469727,9762100.0,10.095638275146484
2009-04-17,12.609999656677246,11.609999656677246,11.619999885559082,12.34000015258789,10365300.0,10.739665985107422
2009-04-20,12.130000114440918,10.9399995803833,11.930000305175781,11.100000381469727,8024400.0,9.660479545593262
2009-04-21,11.90999984741211,10.760000228881836,11.029999732971191,11.880000114440918,9405600.0,10.339323997497559
2009-04-22,12.579999923706055,11.4399995803833,11.8100004196167,12.020000457763672,10351500.0,10.461166381835938
2009-04-23,12.4399995803833,11.260000228881836,12.050000190734863,12.010000228881836,8978800.0,10.45246410369873
2009-04-24,13.140000343322754,11.869999885559082,12.140000343322754,12.989999771118164,13024400.0,11.30537223815918
2009-04-27,13.739999771118164,12.479999542236328,12.6899995803833,12.850000381469727,13247900.0,11.183528900146484
2009-04-28,13.15999984741211,12.34000015258789,12.640000343322754,12.819999694824219,9192300.0,11.157418251037598
2009-04-29,13.40999984741211,12.649999618530273,13.010000228881836,12.979999542236328,8544400.0,11.296666145324707
2009-04-30,13.369999885559082,12.720000267028809,13.180000305175781,13.050000190734863,12468200.0,11.357589721679688
2009-05-01,13.239999771118164,12.170000076293945,12.989999771118164,12.359999656677246,8585700.0,10.757071495056152
2009-05-04,13.609999656677246,12.380000114440918,12.380000114440918,13.489999771118164,10675300.0,11.740527153015137
2009-05-05,13.289999961853027,11.8100004196167,12.760000228881836,12.350000381469727,15558000.0,10.748368263244629
2009-05-06,12.229999542236328,10.649999618530273,11.75,10.789999961853027,22679800.0,9.390684127807617
2009-05-07,10.75,9.40999984741211,10.670000076293945,9.789999961853027,26837500.0,8.520371437072754
2009-05-08,10.239999771118164,9.489999771118164,10.100000381469727,10.0,15349600.0,8.703136444091797
2009-05-11,10.210000038146973,9.5600004196167,9.829999923706055,9.829999923706055,10939800.0,8.555182456970215
2009-05-12,10.140000343322754,9.260000228881836,9.890000343322754,9.479999542236328,10853900.0,8.250570297241211
2009-05-13,9.350000381469727,8.960000038146973,9.300000190734863,9.020000457763672,12214300.0,7.850228309631348
2009-05-14,9.479999542236328,8.729999542236328,9.039999961853027,9.15999984741211,12217400.0,7.972069263458252
2009-05-15,9.529999732971191,8.90999984741211,9.140000343322754,8.989999771118164,9531700.0,7.856278419494629
2009-05-18,9.850000381469727,9.020000457763672,9.289999961853027,9.779999732971191,12623900.0,8.546655654907227
2009-05-19,10.199999809265137,9.489999771118164,9.489999771118164,9.960000038146973,15251900.0,8.703953742980957
2009-05-20,10.4399995803833,9.550000190734863,10.15999984741211,9.649999618530273,12134100.0,8.433048248291016
2009-05-21,9.5600004196167,8.960000038146973,9.460000038146973,9.149999618530273,8955600.0,7.996103763580322
2009-05-22,9.279999732971191,8.869999885559082,9.170000076293945,9.010000228881836,5692800.0,7.873757839202881
2009-05-26,9.600000381469727,8.880000114440918,8.880000114440918,9.470000267028809,8422500.0,8.275751113891602
2009-05-27,10.039999961853027,9.199999809265137,9.510000228881836,9.220000267028809,11473500.0,8.057276725769043
2009-05-28,9.510000228881836,8.529999732971191,9.390000343322754,8.6899995803833,16493900.0,7.594112396240234
2009-05-29,9.350000381469727,8.770000457763672,8.789999961853027,9.210000038146973,11249400.0,8.048540115356445
2009-06-01,9.579999923706055,9.09000015258789,9.3100004196167,9.25,10171100.0,8.083492279052734
2009-06-02,9.829999923706055,9.210000038146973,9.239999771118164,9.630000114440918,9982900.0,8.415568351745605
2009-06-03,9.600000381469727,9.010000228881836,9.539999961853027,9.15999984741211,8106700.0,8.004839897155762
2009-06-04,9.539999961853027,9.050000190734863,9.170000076293945,9.40999984741211,7339800.0,8.223315238952637
2009-06-05,9.680000305175781,9.149999618530273,9.680000305175781,9.210000038146973,9586000.0,8.048540115356445
2009-06-08,9.789999961853027,9.0,9.34000015258789,9.65999984741211,10755800.0,8.441788673400879
2009-06-09,9.899999618530273,9.579999923706055,9.720000267028809,9.6899995803833,6978600.0,8.468001365661621
2009-06-10,9.90999984741211,9.479999542236328,9.819999694824219,9.619999885559082,6753800.0,8.406834602355957
2009-06-11,9.65999984741211,9.420000076293945,9.619999885559082,9.59000015258789,8299400.0,8.380616188049316
2009-06-12,9.579999923706055,9.3100004196167,9.470000267028809,9.569999694824219,7986800.0,8.363138198852539
2009-06-15,9.5600004196167,9.270000457763672,9.350000381469727,9.390000343322754,9590900.0,8.205840110778809
2009-06-16,9.800000190734863,9.300000190734863,9.6899995803833,9.510000228881836,7173500.0,8.310704231262207
2009-06-17,9.869999885559082,9.15999984741211,9.630000114440918,9.680000305175781,9472900.0,8.45926570892334
2009-06-18,9.819999694824219,9.210000038146973,9.8100004196167,9.34000015258789,5592000.0,8.16214370727539
2009-06-19,9.520000457763672,9.289999961853027,9.460000038146973,9.390000343322754,9803400.0,8.205840110778809
2009-06-22,9.489999771118164,9.15999984741211,9.25,9.180000305175781,10278300.0,8.022322654724121
2009-06-23,9.449999809265137,9.069999694824219,9.3100004196167,9.149999618530273,8568600.0,7.996103763580322
2009-06-24,9.479999542236328,9.010000228881836,9.25,9.130000114440918,12440900.0,7.978625774383545
2009-06-25,9.600000381469727,9.130000114440918,9.180000305175781,9.569999694824219,8691600.0,8.363138198852539
2009-06-26,9.8100004196167,9.520000457763672,9.550000190734863,9.600000381469727,7713000.0,8.389351844787598
2009-06-29,9.84000015258789,9.40999984741211,9.8100004196167,9.539999961853027,7804900.0,8.336917877197266
2009-06-30,9.720000267028809,9.350000381469727,9.479999542236328,9.359999656677246,8826200.0,8.179621696472168
2009-07-01,9.529999732971191,9.279999732971191,9.319999694824219,9.34000015258789,7309500.0,8.16214370727539
2009-07-02,9.279999732971191,9.100000381469727,9.25,9.100000381469727,6840000.0,7.952407360076904
2009-07-06,9.180000305175781,8.65999984741211,9.010000228881836,8.770000457763672,9216700.0,7.66402530670166
2009-07-07,8.890000343322754,8.449999809265137,8.779999732971191,8.489999771118164,9397300.0,7.4193339347839355
2009-07-08,8.5600004196167,8.260000228881836,8.529999732971191,8.399999618530273,12549300.0,7.3406853675842285
2009-07-09,8.800000190734863,8.430000305175781,8.479999542236328,8.6899995803833,6559900.0,7.594112396240234
2009-07-10,8.670000076293945,8.270000457763672,8.630000114440918,8.5,5525700.0,7.428073883056641
2009-07-13,8.649999618530273,8.279999732971191,8.539999961853027,8.529999732971191,9233200.0,7.454291343688965
2009-07-14,8.90999984741211,8.399999618530273,8.529999732971191,8.880000114440918,7419000.0,7.7601518630981445
2009-07-15,9.460000038146973,9.069999694824219,9.260000228881836,9.369999885559082,10480900.0,8.188359260559082
2009-07-16,9.699999809265137,9.229999542236328,9.350000381469727,9.640000343322754,7988400.0,8.424311637878418
2009-07-17,10.109999656677246,9.6899995803833,9.720000267028809,9.899999618530273,7562300.0,8.651522636413574
2009-07-20,10.229999542236328,9.829999923706055,9.970000267028809,10.039999961853027,9469800.0,8.773862838745117
2009-07-21,10.180000305175781,9.65999984741211,10.09000015258789,9.829999923706055,4596100.0,8.590350151062012
2009-07-22,10.460000038146973,9.720000267028809,9.760000228881836,10.380000114440918,7081800.0,9.070988655090332
2009-07-23,11.390000343322754,10.40999984741211,10.529999732971191,11.170000076293945,12395300.0,9.761366844177246
2009-07-24,11.229999542236328,10.760000228881836,11.010000228881836,11.130000114440918,6898100.0,9.726408004760742
2009-07-27,11.520000457763672,10.800000190734863,11.1899995803833,11.4399995803833,10640600.0,9.997314453125
2009-07-28,11.550000190734863,11.109999656677246,11.210000038146973,11.399999618530273,6161800.0,9.962355613708496
2009-07-29,11.369999885559082,10.989999771118164,11.279999732971191,11.170000076293945,6117800.0,9.761366844177246
2009-07-30,11.59000015258789,10.970000267028809,11.34000015258789,11.390000343322754,7239800.0,9.953620910644531
2009-07-31,11.699999809265137,11.300000190734863,11.34000015258789,11.59000015258789,5094800.0,10.128396987915039
2009-08-03,11.880000114440918,11.430000305175781,11.75,11.75,7290100.0,10.268218994140625
2009-08-04,12.520000457763672,11.079999923706055,11.470000267028809,12.319999694824219,14016400.0,10.766338348388672
2009-08-05,12.789999961853027,11.989999771118164,12.369999885559082,12.600000381469727,10363200.0,11.011029243469238
2009-08-06,12.819999694824219,12.359999656677246,12.680000305175781,12.539999961853027,7680300.0,10.958595275878906
2009-08-07,13.800000190734863,12.949999809265137,13.220000267028809,13.520000457763672,13420200.0,11.8150053024292
2009-08-10,13.510000228881836,12.649999618530273,13.510000228881836,12.789999961853027,9345000.0,11.177067756652832
2009-08-11,13.25,12.5,12.829999923706055,13.109999656677246,8466400.0,11.45671272277832
2009-08-12,13.800000190734863,13.0600004196167,13.420000076293945,13.449999809265137,10866400.0,11.753836631774902
2009-08-13,13.25,12.609999656677246,13.25,12.949999809265137,12264800.0,11.316889762878418
2009-08-14,12.960000038146973,12.270000457763672,12.949999809265137,12.420000076293945,10157300.0,10.853727340698242
2009-08-17,12.1899995803833,11.779999732971191,12.1899995803833,11.890000343322754,12428500.0,10.422032356262207
2009-08-18,12.319999694824219,11.760000228881836,11.949999809265137,12.220000267028809,8455400.0,10.71129035949707
2009-08-19,12.100000381469727,11.5,11.6899995803833,11.9399995803833,8390500.0,10.465858459472656
2009-08-20,12.380000114440918,11.960000038146973,11.989999771118164,12.239999771118164,5345000.0,10.728816986083984
2009-08-21,12.890000343322754,12.390000343322754,12.420000076293945,12.65999984741211,7572600.0,11.096967697143555
2009-08-24,13.0,12.609999656677246,12.850000381469727,12.670000076293945,7116700.0,11.105731964111328
2009-08-25,13.350000381469727,12.8100004196167,12.8100004196167,13.050000190734863,6254800.0,11.438815116882324
2009-08-26,13.899999618530273,13.029999732971191,13.220000267028809,13.789999961853027,16648900.0,12.087456703186035
2009-08-27,13.710000038146973,12.90999984741211,13.630000114440918,13.529999732971191,9147400.0,11.8595552444458
2009-08-28,13.880000114440918,13.520000457763672,13.710000038146973,13.720000267028809,6190100.0,12.026101112365723
2009-08-31,13.569999694824219,13.220000267028809,13.510000228881836,13.40999984741211,4783800.0,11.754372596740723
2009-09-01,13.859999656677246,12.850000381469727,13.3100004196167,12.90999984741211,7201400.0,11.3161039352417
2009-09-02,12.739999771118164,12.079999923706055,12.600000381469727,12.130000114440918,10593800.0,10.632403373718262
2009-09-03,12.300000190734863,11.779999732971191,12.149999618530273,12.260000228881836,8442900.0,10.746349334716797
2009-09-04,12.539999961853027,12.0600004196167,12.25,12.449999809265137,3213800.0,10.912895202636719
2009-09-08,13.069999694824219,12.449999809265137,12.630000114440918,12.949999809265137,7606500.0,11.351162910461426
2009-09-09,13.100000381469727,12.65999984741211,12.960000038146973,12.979999542236328,6631600.0,11.377458572387695
2009-09-10,13.15999984741211,12.739999771118164,13.079999923706055,13.119999885559082,3259300.0,11.500170707702637
2009-09-11,13.3100004196167,12.510000228881836,13.140000343322754,12.6899995803833,6817300.0,11.12326717376709
2009-09-14,12.8100004196167,12.430000305175781,12.600000381469727,12.539999961853027,7138100.0,10.991783142089844
2009-09-15,13.050000190734863,12.489999771118164,12.569999694824219,12.970000267028809,6642000.0,11.368692398071289
2009-09-16,13.729999542236328,13.069999694824219,13.149999618530273,13.630000114440918,13000200.0,11.947208404541016
2009-09-17,13.789999961853027,13.010000228881836,13.770000457763672,13.1899995803833,6731300.0,11.56153392791748
2009-09-18,13.680000305175781,13.100000381469727,13.359999656677246,13.25,7725600.0,11.61412525177002
2009-09-21,13.289999961853027,12.75,13.130000114440918,13.039999961853027,4794200.0,11.4300537109375
2009-09-22,13.369999885559082,12.859999656677246,13.180000305175781,12.899999618530273,6456600.0,11.307333946228027
2009-09-23,12.90999984741211,12.430000305175781,12.90999984741211,12.449999809265137,6147700.0,10.912895202636719
2009-09-24,12.850000381469727,11.720000267028809,12.670000076293945,11.930000305175781,11006400.0,10.457093238830566
2009-09-25,12.029999732971191,11.489999771118164,11.859999656677246,11.569999694824219,7265800.0,10.141539573669434
2009-09-28,11.84000015258789,11.510000228881836,11.680000305175781,11.770000457763672,3233200.0,10.316844940185547
2009-09-29,12.130000114440918,11.779999732971191,11.989999771118164,11.869999885559082,4914500.0,10.40450382232666
2009-09-30,11.920000076293945,11.300000190734863,11.859999656677246,11.40999984741211,8678400.0,10.00129508972168
2009-10-01,11.300000190734863,10.949999809265137,11.25,11.010000228881836,10752100.0,9.650679588317871
2009-10-02,10.90999984741211,10.460000038146973,10.829999923706055,10.529999732971191,11278300.0,9.229940414428711
2009-10-05,10.859999656677246,10.5600004196167,10.670000076293945,10.789999961853027,6568700.0,9.457839012145996
2009-10-06,11.319999694824219,10.899999618530273,10.979999542236328,10.949999809265137,8508300.0,9.598085403442383
2009-10-07,11.079999923706055,10.5,10.970000267028809,10.6899995803833,8503900.0,9.370185852050781
2009-10-08,11.699999809265137,10.859999656677246,10.859999656677246,11.539999961853027,12192100.0,10.115242004394531
2009-10-09,12.09000015258789,11.34000015258789,11.5,11.699999809265137,8459900.0,10.255489349365234
2009-10-12,11.829999923706055,11.539999961853027,11.720000267028809,11.569999694824219,5216600.0,10.141539573669434
2009-10-13,12.119999885559082,11.470000267028809,11.5600004196167,11.789999961853027,7425200.0,10.33437728881836
2009-10-14,12.359999656677246,12.029999732971191,12.029999732971191,12.260000228881836,7107400.0,10.746349334716797
2009-10-15,12.520000457763672,12.0600004196167,12.180000305175781,12.430000305175781,6971700.0,10.895362854003906
2009-10-16,12.369999885559082,12.09000015258789,12.270000457763672,12.199999809265137,5870300.0,10.693756103515625
2009-10-19,12.420000076293945,12.0600004196167,12.210000038146973,12.25,8345400.0,10.737585067749023
2009-10-20,12.3100004196167,11.899999618530273,12.029999732971191,12.09000015258789,7076100.0,10.59734058380127
2009-10-21,12.609999656677246,12.119999885559082,12.149999618530273,12.170000076293945,8489400.0,10.667461395263672
2009-10-22,13.0,11.930000305175781,12.079999923706055,12.699999809265137,12758700.0,11.132025718688965
2009-10-23,12.989999771118164,12.109999656677246,12.84000015258789,12.420000076293945,11319500.0,10.8865966796875
2009-10-26,12.579999923706055,11.84000015258789,12.460000038146973,11.930000305175781,7081300.0,10.457093238830566
2009-10-27,12.1899995803833,11.670000076293945,12.020000457763672,11.8100004196167,7430400.0,10.351909637451172
2009-10-28,11.75,11.100000381469727,11.65999984741211,11.119999885559082,11332200.0,9.747098922729492
2009-10-29,11.739999771118164,11.34000015258789,11.380000114440918,11.380000114440918,10885000.0,9.975001335144043
2009-10-30,11.479999542236328,10.819999694824219,11.329999923706055,10.960000038146973,11477000.0,9.606854438781738
2009-11-02,11.229999542236328,10.5,11.109999656677246,10.920000076293945,8732600.0,9.571788787841797
2009-11-03,11.319999694824219,10.75,10.829999923706055,11.210000038146973,8196800.0,9.8259859085083
2009-11-04,11.890000343322754,11.25,11.300000190734863,11.569999694824219,10260100.0,10.141539573669434
2009-11-05,12.239999771118164,11.520000457763672,11.680000305175781,11.829999923706055,8784900.0,10.369440078735352
2009-11-06,12.119999885559082,11.630000114440918,11.789999961853027,12.029999732971191,6708700.0,10.54474925994873
2009-11-09,12.239999771118164,11.829999923706055,12.170000076293945,12.130000114440918,8396500.0,10.632403373718262
2009-11-10,12.25,11.529999732971191,12.09000015258789,11.6899995803833,7571600.0,10.246725082397461
2009-11-11,12.449999809265137,11.960000038146973,12.0600004196167,12.359999656677246,8195300.0,10.834005355834961
2009-11-12,12.329999923706055,11.800000190734863,12.329999923706055,11.859999656677246,7315100.0,10.395736694335938
2009-11-13,12.279999732971191,11.850000381469727,11.869999885559082,11.9399995803833,7805700.0,10.465858459472656
2009-11-16,12.539999961853027,11.979999542236328,11.979999542236328,12.3100004196167,7892700.0,10.790177345275879
2009-11-17,12.369999885559082,11.90999984741211,12.170000076293945,12.140000343322754,7348100.0,10.641166687011719
2009-11-18,12.489999771118164,11.9399995803833,11.9399995803833,12.369999885559082,6400600.0,10.842771530151367
2009-11-19,12.3100004196167,11.930000305175781,12.25,12.25,10271900.0,10.737585067749023
2009-11-20,11.630000114440918,10.239999771118164,11.470000267028809,10.369999885559082,35885100.0,9.089696884155273
2009-11-23,10.90999984741211,10.460000038146973,10.630000114440918,10.65999984741211,17117800.0,9.343891143798828
2009-11-24,10.850000381469727,10.390000343322754,10.789999961853027,10.579999923706055,8799400.0,9.27376937866211
2009-11-25,10.899999618530273,10.600000381469727,10.699999809265137,10.65999984741211,6042400.0,9.343891143798828
2009-11-27,10.619999885559082,10.050000190734863,10.260000228881836,10.539999961853027,3279400.0,9.238704681396484
2009-11-30,10.609999656677246,10.170000076293945,10.449999809265137,10.279999732971191,7601700.0,9.010809898376465
2009-12-01,10.529999732971191,10.220000267028809,10.399999618530273,10.420000076293945,6150900.0,9.133520126342773
2009-12-02,10.510000228881836,9.779999732971191,10.329999923706055,10.039999961853027,15559600.0,8.832221031188965
2009-12-03,10.15999984741211,9.930000305175781,10.140000343322754,10.0,8891700.0,8.797035217285156
2009-12-04,10.359999656677246,9.890000343322754,10.15999984741211,10.100000381469727,8746000.0,8.88500690460205
2009-12-07,10.199999809265137,9.869999885559082,9.989999771118164,9.899999618530273,9010100.0,8.709064483642578
2009-12-08,10.0600004196167,9.710000038146973,9.8100004196167,9.850000381469727,6246600.0,8.665081024169922
2009-12-09,9.970000267028809,9.6899995803833,9.970000267028809,9.84000015258789,4874700.0,8.656281471252441
2009-12-10,10.069999694824219,9.84000015258789,9.930000305175781,9.890000343322754,6065700.0,8.700265884399414
2009-12-11,9.979999542236328,9.710000038146973,9.920000076293945,9.859999656677246,4174700.0,8.67387580871582
2009-12-14,10.09000015258789,9.729999542236328,9.979999542236328,10.069999694824219,3831300.0,8.858613014221191
2009-12-15,10.170000076293945,9.779999732971191,10.069999694824219,9.8100004196167,5054800.0,8.62989330291748
2009-12-16,10.369999885559082,9.869999885559082,9.9399995803833,10.289999961853027,7441600.0,9.052148818969727
2009-12-17,10.34000015258789,10.079999923706055,10.170000076293945,10.25,6018300.0,9.016961097717285
2009-12-18,10.529999732971191,10.210000038146973,10.3100004196167,10.529999732971191,11447400.0,9.263278007507324
2009-12-21,10.800000190734863,10.5,10.789999961853027,10.739999771118164,6302400.0,9.448014259338379
2009-12-22,11.170000076293945,10.710000038146973,10.760000228881836,11.149999618530273,9360000.0,9.808692932128906
2009-12-23,11.329999923706055,10.989999771118164,11.279999732971191,11.119999885559082,7969300.0,9.782306671142578
2009-12-24,11.140000343322754,11.050000190734863,11.09000015258789,11.119999885559082,1589100.0,9.782306671142578
2009-12-28,11.25,10.84000015258789,11.140000343322754,10.960000038146973,5385900.0,9.641551971435547
2009-12-29,11.119999885559082,10.75,10.970000267028809,10.930000305175781,4906200.0,9.615160942077637
2009-12-30,11.100000381469727,10.760000228881836,10.789999961853027,10.989999771118164,4014000.0,9.667941093444824
2009-12-31,11.029999732971191,10.829999923706055,10.9399995803833,10.869999885559082,2986500.0,9.562379837036133
2010-01-04,11.180000305175781,10.869999885559082,10.960000038146973,11.15999984741211,5799100.0,9.817492485046387
2010-01-05,11.59000015258789,10.949999809265137,11.130000114440918,11.5600004196167,10254500.0,10.169376373291016
2010-01-06,11.760000228881836,11.390000343322754,11.449999809265137,11.65999984741211,8410300.0,10.257340431213379
2010-01-07,12.529999732971191,11.920000076293945,11.9399995803833,12.270000457763672,13808800.0,10.793964385986328
2010-01-08,12.3100004196167,12.039999961853027,12.119999885559082,12.170000076293945,5720700.0,10.70599365234375
2010-01-11,12.319999694824219,12.020000457763672,12.289999961853027,12.239999771118164,3746100.0,10.767568588256836
2010-01-12,12.229999542236328,11.850000381469727,12.09000015258789,12.210000038146973,5982000.0,10.741179466247559
2010-01-13,12.569999694824219,12.039999961853027,12.239999771118164,12.420000076293945,6278400.0,10.925918579101562
2010-01-14,12.5600004196167,12.229999542236328,12.329999923706055,12.25,4344800.0,10.776366233825684
2010-01-15,12.380000114440918,11.9399995803833,12.1899995803833,12.140000343322754,4686100.0,10.67959976196289
2010-01-19,12.5,12.09000015258789,12.100000381469727,12.329999923706055,4456200.0,10.846742630004883
2010-01-20,12.319999694824219,12.079999923706055,12.15999984741211,12.130000114440918,5194600.0,10.670804977416992
2010-01-21,12.170000076293945,11.520000457763672,12.109999656677246,11.550000190734863,7275700.0,10.160576820373535
2010-01-22,11.859999656677246,11.109999656677246,11.520000457763672,11.199999809265137,11747600.0,9.852676391601562
2010-01-25,11.579999923706055,11.170000076293945,11.300000190734863,11.369999885559082,6031100.0,10.002229690551758
2010-01-26,11.59000015258789,11.199999809265137,11.289999961853027,11.289999961853027,7266100.0,9.931854248046875
2010-01-27,11.720000267028809,11.170000076293945,11.210000038146973,11.670000076293945,9099400.0,10.26613998413086
2010-01-28,12.039999961853027,11.529999732971191,11.779999732971191,11.789999961853027,9429800.0,10.371705055236816
2010-01-29,12.119999885559082,11.770000457763672,11.960000038146973,11.789999961853027,6786700.0,10.371705055236816
2010-02-01,12.039999961853027,11.630000114440918,11.829999923706055,11.90999984741211,6815800.0,10.47726821899414
2010-02-02,13.359999656677246,12.229999542236328,12.789999961853027,13.210000038146973,28814200.0,11.620884895324707
2010-02-03,13.3100004196167,12.8100004196167,13.270000457763672,13.25,11711800.0,11.656072616577148
2010-02-04,13.34000015258789,12.9399995803833,13.029999732971191,13.210000038146973,13717800.0,11.620884895324707
2010-02-05,13.140000343322754,12.15999984741211,13.079999923706055,12.670000076293945,14373500.0,11.145843505859375
2010-02-08,13.260000228881836,12.470000267028809,12.720000267028809,12.920000076293945,8691600.0,11.365768432617188
2010-02-09,13.15999984741211,12.609999656677246,13.079999923706055,12.979999542236328,8493200.0,11.418550491333008
2010-02-10,13.069999694824219,12.59000015258789,12.970000267028809,12.850000381469727,7313100.0,11.304192543029785
2010-02-11,13.220000267028809,12.699999809265137,12.850000381469727,13.119999885559082,6525900.0,11.575490951538086
2010-02-12,13.420000076293945,12.960000038146973,13.25,13.069999694824219,8325600.0,11.531377792358398
2010-02-16,13.329999923706055,13.050000190734863,13.300000190734863,13.220000267028809,4582500.0,11.66372013092041
2010-02-17,13.529999732971191,12.9399995803833,13.430000305175781,13.119999885559082,6917100.0,11.575490951538086
2010-02-18,13.029999732971191,12.6899995803833,12.979999542236328,12.779999732971191,7208600.0,11.275514602661133
2010-02-19,13.0,12.739999771118164,12.739999771118164,12.949999809265137,7725200.0,11.425507545471191
2010-02-22,13.09000015258789,12.770000457763672,13.0,12.920000076293945,6202800.0,11.399038314819336
2010-02-23,12.979999542236328,12.430000305175781,12.880000114440918,12.569999694824219,9556500.0,11.090237617492676
2010-02-24,12.649999618530273,12.039999961853027,12.630000114440918,12.34000015258789,9437600.0,10.88731575012207
2010-02-25,12.350000381469727,11.960000038146973,12.079999923706055,12.350000381469727,6001800.0,10.896137237548828
2010-02-26,12.449999809265137,12.020000457763672,12.369999885559082,12.359999656677246,5250400.0,10.904961585998535
2010-03-01,12.59000015258789,12.369999885559082,12.369999885559082,12.5600004196167,3873800.0,11.081417083740234
2010-03-02,12.720000267028809,12.399999618530273,12.65999984741211,12.470000267028809,3805800.0,11.002010345458984
2010-03-03,12.800000190734863,12.470000267028809,12.59000015258789,12.569999694824219,5471700.0,11.090237617492676
2010-03-04,12.720000267028809,12.3100004196167,12.59000015258789,12.489999771118164,4405000.0,11.019654273986816
2010-03-05,12.949999809265137,12.550000190734863,12.579999923706055,12.869999885559082,6497000.0,11.3549222946167
2010-03-08,12.989999771118164,12.789999961853027,12.869999885559082,12.960000038146973,2870700.0,11.434327125549316
2010-03-09,13.170000076293945,12.829999923706055,12.90999984741211,13.09000015258789,5021400.0,11.54902172088623
2010-03-10,13.229999542236328,12.899999618530273,13.100000381469727,13.010000228881836,5013200.0,11.478442192077637
2010-03-11,12.979999542236328,12.729999542236328,12.949999809265137,12.960000038146973,4345000.0,11.434327125549316
2010-03-12,13.010000228881836,12.779999732971191,12.989999771118164,13.0,4572100.0,11.469620704650879
2010-03-15,13.029999732971191,12.640000343322754,12.979999542236328,12.84000015258789,3530400.0,11.328454971313477
2010-03-16,13.149999618530273,12.600000381469727,12.800000190734863,13.029999732971191,5042700.0,11.496087074279785
2010-03-17,13.170000076293945,12.789999961853027,13.050000190734863,12.890000343322754,4875300.0,11.372567176818848
2010-03-18,12.989999771118164,12.65999984741211,12.930000305175781,12.760000228881836,2937600.0,11.2578706741333
2010-03-19,12.930000305175781,12.5,12.510000228881836,12.510000228881836,5593200.0,11.037302017211914
2010-03-22,12.789999961853027,12.369999885559082,12.399999618530273,12.75,3372300.0,11.249048233032227
2010-03-23,12.880000114440918,12.649999618530273,12.829999923706055,12.760000228881836,5137400.0,11.2578706741333
2010-03-24,13.069999694824219,12.760000228881836,12.949999809265137,12.850000381469727,5272100.0,11.337278366088867
2010-03-25,13.399999618530273,12.90999984741211,12.90999984741211,12.970000267028809,6170100.0,11.443150520324707
2010-03-26,13.380000114440918,12.970000267028809,13.029999732971191,13.130000114440918,4400800.0,11.58431625366211
2010-03-29,13.229999542236328,12.739999771118164,13.210000038146973,13.029999732971191,5074200.0,11.496087074279785
2010-03-30,13.109999656677246,12.720000267028809,12.989999771118164,12.800000190734863,4075900.0,11.29316234588623
2010-03-31,12.869999885559082,12.529999732971191,12.729999542236328,12.600000381469727,5407900.0,11.116706848144531
2010-04-01,12.8100004196167,12.399999618530273,12.720000267028809,12.510000228881836,4037900.0,11.037302017211914
2010-04-05,12.789999961853027,12.460000038146973,12.619999885559082,12.59000015258789,4364500.0,11.107882499694824
2010-04-06,12.59000015258789,12.319999694824219,12.520000457763672,12.520000457763672,5590000.0,11.046127319335938
2010-04-07,12.550000190734863,11.859999656677246,12.539999961853027,11.930000305175781,11514500.0,10.525578498840332
2010-04-08,12.029999732971191,11.75,11.899999618530273,12.010000228881836,7914900.0,10.596163749694824
2010-04-09,12.1899995803833,11.979999542236328,12.039999961853027,12.140000343322754,3870200.0,10.710861206054688
2010-04-12,12.239999771118164,11.890000343322754,12.1899995803833,12.029999732971191,6747000.0,10.613809585571289
2010-04-13,12.270000457763672,12.010000228881836,12.039999961853027,12.180000305175781,6940000.0,10.7461519241333
2010-04-14,12.8100004196167,12.239999771118164,12.25,12.649999618530273,10183600.0,11.160819053649902
2010-04-15,12.739999771118164,12.510000228881836,12.630000114440918,12.600000381469727,5610700.0,11.116706848144531
2010-04-16,12.579999923706055,12.029999732971191,12.5,12.369999885559082,9348100.0,10.913783073425293
2010-04-19,12.399999618530273,12.039999961853027,12.319999694824219,12.34000015258789,4829000.0,10.88731575012207
2010-04-20,12.789999961853027,12.260000228881836,12.40999984741211,12.760000228881836,5922300.0,11.2578706741333
2010-04-21,13.100000381469727,12.649999618530273,12.770000457763672,12.979999542236328,6333300.0,11.451972007751465
2010-04-22,13.859999656677246,12.770000457763672,12.920000076293945,13.6899995803833,11225900.0,12.078390121459961
2010-04-23,14.539999961853027,13.720000267028809,13.789999961853027,14.170000076293945,12314800.0,12.501884460449219
2010-04-26,14.479999542236328,13.8100004196167,14.229999542236328,13.880000114440918,6399100.0,12.24602222442627
2010-04-27,14.029999732971191,13.369999885559082,13.75,13.40999984741211,9151300.0,11.831351280212402
2010-04-28,13.899999618530273,13.470000267028809,13.479999542236328,13.619999885559082,7441000.0,12.016633033752441
2010-04-29,14.420000076293945,13.630000114440918,13.75,14.239999771118164,11154800.0,12.563643455505371
2010-04-30,15.4399995803833,14.630000114440918,15.069999694824219,14.6899995803833,15428400.0,12.960668563842773
2010-05-03,15.199999809265137,14.640000343322754,14.710000038146973,14.970000267028809,7048800.0,13.207708358764648
2010-05-04,14.819999694824219,14.220000267028809,14.75,14.630000114440918,8692100.0,12.907730102539062
2010-05-05,14.619999885559082,14.029999732971191,14.399999618530273,14.140000343322754,7750900.0,12.475418090820312
2010-05-06,14.380000114440918,12.640000343322754,14.0,13.649999618530273,10858100.0,12.043097496032715
2010-05-07,13.869999885559082,12.920000076293945,13.619999885559082,13.0600004196167,9955000.0,11.522554397583008
2010-05-10,14.010000228881836,13.369999885559082,13.720000267028809,13.9399995803833,8117000.0,12.298957824707031
2010-05-11,14.380000114440918,13.539999961853027,13.680000305175781,13.84000015258789,8944800.0,12.210733413696289
2010-05-12,14.180000305175781,13.819999694824219,13.930000305175781,14.039999961853027,5053300.0,12.4208402633667
2010-05-13,14.020000457763672,13.329999923706055,14.020000457763672,13.460000038146973,7270500.0,11.907731056213379
2010-05-14,13.34000015258789,12.8100004196167,13.289999961853027,13.109999656677246,6926000.0,11.59809398651123
2010-05-17,13.319999694824219,12.619999885559082,13.079999923706055,13.300000190734863,7558100.0,11.766183853149414
2010-05-18,13.75,12.960000038146973,13.420000076293945,13.020000457763672,7664300.0,11.518473625183105
2010-05-19,13.300000190734863,12.380000114440918,12.8100004196167,12.670000076293945,14121900.0,11.208836555480957
2010-05-20,12.5600004196167,12.130000114440918,12.34000015258789,12.140000343322754,11059400.0,10.739961624145508
2010-05-21,12.470000267028809,11.859999656677246,12.020000457763672,12.260000228881836,10999400.0,10.846120834350586
2010-05-24,12.569999694824219,12.050000190734863,12.1899995803833,12.0600004196167,6416000.0,10.669185638427734
2010-05-25,12.140000343322754,11.569999694824219,11.670000076293945,12.100000381469727,10479800.0,10.704572677612305
2010-05-26,12.670000076293945,11.970000267028809,12.430000305175781,12.010000228881836,9505900.0,10.62495231628418
2010-05-27,12.350000381469727,11.920000076293945,12.25,12.34000015258789,5892300.0,10.916894912719727
2010-05-28,12.479999542236328,12.119999885559082,12.319999694824219,12.1899995803833,4896700.0,10.78419017791748
2010-06-01,12.289999961853027,11.760000228881836,12.100000381469727,11.770000457763672,7599600.0,10.412631034851074
2010-06-02,12.15999984741211,11.75,11.779999732971191,12.130000114440918,6453600.0,10.731111526489258
2010-06-03,12.210000038146973,11.6899995803833,12.130000114440918,11.779999732971191,7821100.0,10.421479225158691
2010-06-04,11.680000305175781,11.25,11.600000381469727,11.34000015258789,7260600.0,10.032217025756836
2010-06-07,11.460000038146973,10.819999694824219,11.390000343322754,10.890000343322754,6423700.0,9.634115219116211
2010-06-08,11.050000190734863,10.4399995803833,10.920000076293945,10.84000015258789,13188600.0,9.589881896972656
2010-06-09,11.100000381469727,10.460000038146973,11.079999923706055,10.539999961853027,11013600.0,9.324477195739746
2010-06-10,11.40999984741211,10.640000343322754,10.789999961853027,11.300000190734863,13852100.0,9.99682903289795
2010-06-11,11.279999732971191,10.970000267028809,11.149999618530273,11.260000228881836,6301500.0,9.961444854736328
2010-06-14,11.40999984741211,10.989999771118164,11.350000381469727,11.069999694824219,6726100.0,9.793354034423828
2010-06-15,11.390000343322754,11.069999694824219,11.15999984741211,11.390000343322754,7229100.0,10.076451301574707
2010-06-16,11.489999771118164,11.069999694824219,11.140000343322754,11.239999771118164,7764500.0,9.943753242492676
2010-06-17,11.220000267028809,10.630000114440918,11.1899995803833,10.9399995803833,8267000.0,9.67834758758545
2010-06-18,10.960000038146973,10.65999984741211,10.920000076293945,10.75,5938600.0,9.510259628295898
2010-06-21,10.989999771118164,10.479999542236328,10.899999618530273,10.539999961853027,7584400.0,9.324477195739746
2010-06-22,10.670000076293945,10.15999984741211,10.520000457763672,10.220000267028809,8165300.0,9.041379928588867
2010-06-23,10.600000381469727,10.029999732971191,10.220000267028809,10.470000267028809,8587400.0,9.262551307678223
2010-06-24,10.760000228881836,10.289999961853027,10.479999542236328,10.579999923706055,10102700.0,9.35986614227295
2010-06-25,10.569999694824219,10.260000228881836,10.569999694824219,10.470000267028809,7193200.0,9.262551307678223
2010-06-28,10.59000015258789,10.289999961853027,10.5,10.359999656677246,8655900.0,9.165237426757812
2010-06-29,10.390000343322754,9.850000381469727,10.180000305175781,9.960000038146973,9589900.0,8.811366081237793
2010-06-30,10.149999618530273,9.819999694824219,9.960000038146973,9.829999923706055,9259600.0,8.696355819702148
2010-07-01,10.0,9.579999923706055,9.779999732971191,9.850000381469727,11826400.0,8.714052200317383
2010-07-02,9.890000343322754,9.40999984741211,9.890000343322754,9.710000038146973,9516700.0,8.590200424194336
2010-07-06,10.050000190734863,9.699999809265137,9.850000381469727,9.789999961853027,11092900.0,8.660974502563477
2010-07-07,10.229999542236328,9.779999732971191,9.800000190734863,10.199999809265137,8368900.0,9.023689270019531
2010-07-08,10.420000076293945,9.739999771118164,10.289999961853027,9.800000190734863,16653100.0,8.669822692871094
2010-07-09,10.350000381469727,9.779999732971191,9.8100004196167,10.25,6134300.0,9.067923545837402
2010-07-12,10.270000457763672,9.979999542236328,10.229999542236328,10.100000381469727,3819500.0,8.935223579406738
2010-07-13,10.5,10.109999656677246,10.170000076293945,10.430000305175781,6554200.0,9.227165222167969
2010-07-14,10.359999656677246,10.0600004196167,10.329999923706055,10.34000015258789,6624000.0,9.147544860839844
2010-07-15,10.6899995803833,10.199999809265137,10.350000381469727,10.619999885559082,10338000.0,9.39525032043457
2010-07-16,10.569999694824219,10.029999732971191,10.550000190734863,10.100000381469727,7450900.0,8.935223579406738
2010-07-19,10.210000038146973,9.850000381469727,10.170000076293945,9.970000267028809,6519100.0,8.820213317871094
2010-07-20,10.479999542236328,9.720000267028809,9.800000190734863,10.390000343322754,6198200.0,9.191778182983398
2010-07-21,10.539999961853027,10.149999618530273,10.470000267028809,10.199999809265137,6096700.0,9.023689270019531
2010-07-22,10.739999771118164,10.3100004196167,10.329999923706055,10.550000190734863,5318300.0,9.333321571350098
2010-07-23,10.899999618530273,10.40999984741211,10.5,10.850000381469727,5499800.0,9.598725318908691
2010-07-26,11.270000457763672,10.760000228881836,10.819999694824219,11.170000076293945,7904600.0,9.881824493408203
2010-07-27,11.380000114440918,11.010000228881836,11.239999771118164,11.079999923706055,8449600.0,9.802202224731445
2010-07-28,11.140000343322754,10.550000190734863,11.069999694824219,10.640000343322754,5152100.0,9.412945747375488
2010-07-29,11.010000228881836,10.579999923706055,10.760000228881836,10.880000114440918,8351400.0,9.625268936157227
2010-07-30,11.09000015258789,10.609999656677246,10.739999771118164,11.020000457763672,7330600.0,9.74912166595459
2010-08-02,11.380000114440918,10.9399995803833,11.220000267028809,11.25,7044800.0,9.952598571777344
2010-08-03,11.300000190734863,10.479999542236328,11.09000015258789,10.600000381469727,12202500.0,9.37756061553955
2010-08-04,10.819999694824219,10.460000038146973,10.649999618530273,10.479999542236328,4642800.0,9.271398544311523
2010-08-05,10.529999732971191,10.279999732971191,10.3100004196167,10.420000076293945,4584900.0,9.218316078186035
2010-08-06,10.65999984741211,10.239999771118164,10.329999923706055,10.600000381469727,5546500.0,9.37756061553955
2010-08-09,11.140000343322754,10.760000228881836,10.899999618530273,11.0600004196167,6150600.0,9.784512519836426
2010-08-10,10.979999542236328,10.720000267028809,10.899999618530273,10.829999923706055,4807000.0,9.58103084564209
2010-08-11,10.670000076293945,10.460000038146973,10.579999923706055,10.539999961853027,5794100.0,9.324477195739746
2010-08-12,10.470000267028809,10.1899995803833,10.270000457763672,10.210000038146973,4497000.0,9.064787864685059
2010-08-13,10.380000114440918,10.130000114440918,10.180000305175781,10.239999771118164,4515800.0,9.091423034667969
2010-08-16,10.34000015258789,10.09000015258789,10.149999618530273,10.180000305175781,3162500.0,9.038153648376465
2010-08-17,10.579999923706055,10.1899995803833,10.3100004196167,10.470000267028809,4152400.0,9.295623779296875
2010-08-18,10.779999732971191,10.329999923706055,10.40999984741211,10.619999885559082,4656400.0,9.428799629211426
2010-08-19,10.579999923706055,10.34000015258789,10.5600004196167,10.430000305175781,4398100.0,9.260113716125488
2010-08-20,10.390000343322754,10.1899995803833,10.319999694824219,10.270000457763672,4586700.0,9.118057250976562
2010-08-23,10.369999885559082,9.979999542236328,10.3100004196167,9.979999542236328,5837600.0,8.860580444335938
2010-08-24,10.34000015258789,9.729999542236328,9.84000015258789,9.970000267028809,10176000.0,8.851707458496094
2010-08-25,10.510000228881836,9.979999542236328,10.130000114440918,10.430000305175781,7773100.0,9.260113716125488
2010-08-26,10.479999542236328,10.119999885559082,10.4399995803833,10.170000076293945,4528100.0,9.02927303314209
2010-08-27,10.479999542236328,10.050000190734863,10.260000228881836,10.470000267028809,4991800.0,9.295623779296875
2010-08-30,10.510000228881836,10.260000228881836,10.479999542236328,10.289999961853027,3604600.0,9.13581371307373
2010-08-31,10.600000381469727,10.15999984741211,10.199999809265137,10.260000228881836,7056200.0,9.10917854309082
2010-09-01,10.760000228881836,10.430000305175781,10.460000038146973,10.710000038146973,5429100.0,9.508705139160156
2010-09-02,11.079999923706055,10.600000381469727,10.710000038146973,10.979999542236328,6424300.0,9.748418807983398
2010-09-03,11.279999732971191,11.010000228881836,11.039999961853027,11.210000038146973,4250800.0,9.952619552612305
2010-09-07,11.239999771118164,10.930000305175781,11.239999771118164,10.949999809265137,3320000.0,9.721783638000488
2010-09-08,11.119999885559082,10.84000015258789,10.960000038146973,10.920000076293945,4812700.0,9.695148468017578
2010-09-09,11.229999542236328,10.850000381469727,11.069999694824219,10.979999542236328,2766800.0,9.748418807983398
2010-09-10,11.199999809265137,10.880000114440918,10.979999542236328,11.0600004196167,3550900.0,9.819445610046387
2010-09-13,11.229999542236328,10.930000305175781,11.199999809265137,11.220000267028809,3357000.0,9.961498260498047
2010-09-14,11.25,10.970000267028809,11.180000305175781,11.09000015258789,2905000.0,9.84607982635498
2010-09-15,11.109999656677246,10.90999984741211,10.989999771118164,10.979999542236328,5946500.0,9.748418807983398
2010-09-16,10.989999771118164,10.470000267028809,10.989999771118164,10.600000381469727,7376200.0,9.411040306091309
2010-09-17,10.710000038146973,10.510000228881836,10.670000076293945,10.609999656677246,5412600.0,9.419919967651367
2010-09-20,11.140000343322754,10.670000076293945,10.739999771118164,11.050000190734863,4664900.0,9.810568809509277
2010-09-21,11.34000015258789,10.949999809265137,11.270000457763672,10.979999542236328,5596800.0,9.748418807983398
2010-09-22,11.15999984741211,10.770000457763672,10.960000038146973,10.890000343322754,4307700.0,9.668517112731934
2010-09-23,10.899999618530273,10.59000015258789,10.800000190734863,10.619999885559082,3915400.0,9.428799629211426
2010-09-24,11.010000228881836,10.6899995803833,10.8100004196167,10.920000076293945,7591900.0,9.695148468017578
2010-09-27,11.100000381469727,10.739999771118164,10.90999984741211,11.039999961853027,3514200.0,9.801690101623535
2010-09-28,11.270000457763672,10.84000015258789,11.100000381469727,11.260000228881836,5208900.0,9.997014045715332
2010-09-29,11.25,11.029999732971191,11.220000267028809,11.140000343322754,3175200.0,9.890473365783691
2010-09-30,11.3100004196167,10.989999771118164,11.220000267028809,11.119999885559082,3451700.0,9.872716903686523
2010-10-01,11.34000015258789,11.039999961853027,11.270000457763672,11.079999923706055,3684200.0,9.837206840515137
2010-10-04,11.109999656677246,10.84000015258789,11.029999732971191,10.979999542236328,2648700.0,9.748418807983398
2010-10-05,11.079999923706055,10.829999923706055,11.079999923706055,10.84000015258789,7850100.0,9.62411880493164
2010-10-06,10.960000038146973,10.75,10.890000343322754,10.8100004196167,5666100.0,9.597488403320312
2010-10-07,10.850000381469727,10.5,10.800000190734863,10.640000343322754,4035300.0,9.446555137634277
2010-10-08,10.800000190734863,10.510000228881836,10.680000305175781,10.75,4407700.0,9.544219017028809
2010-10-11,10.760000228881836,10.520000457763672,10.710000038146973,10.539999961853027,2488600.0,9.357767105102539
2010-10-12,10.739999771118164,10.399999618530273,10.5,10.720000267028809,4763500.0,9.517581939697266
2010-10-13,10.899999618530273,10.619999885559082,10.779999732971191,10.779999732971191,6635900.0,9.570850372314453
2010-10-14,10.890000343322754,10.5600004196167,10.819999694824219,10.670000076293945,5859300.0,9.473189353942871
2010-10-15,10.819999694824219,10.4399995803833,10.760000228881836,10.489999771118164,7637700.0,9.31338119506836
2010-10-18,10.59000015258789,10.319999694824219,10.479999542236328,10.539999961853027,7332200.0,9.357767105102539
2010-10-19,10.75,10.329999923706055,10.369999885559082,10.380000114440918,6889800.0,9.215720176696777
2010-10-20,10.460000038146973,10.050000190734863,10.420000076293945,10.369999885559082,8341300.0,9.206838607788086
2010-10-21,10.819999694824219,10.390000343322754,10.420000076293945,10.630000114440918,6982500.0,9.437677383422852
2010-10-22,10.739999771118164,10.569999694824219,10.649999618530273,10.609999656677246,4620400.0,9.419919967651367
2010-10-25,11.039999961853027,10.670000076293945,10.770000457763672,10.680000305175781,4888400.0,9.482067108154297
2010-10-26,10.710000038146973,10.489999771118164,10.59000015258789,10.539999961853027,4749900.0,9.357767105102539
2010-10-27,10.59000015258789,10.40999984741211,10.460000038146973,10.579999923706055,3731300.0,9.393285751342773
2010-10-28,10.65999984741211,10.350000381469727,10.640000343322754,10.399999618530273,5148000.0,9.23347282409668
2010-10-29,10.520000457763672,10.380000114440918,10.390000343322754,10.430000305175781,3224100.0,9.260113716125488
2010-11-01,10.649999618530273,10.380000114440918,10.470000267028809,10.5,3625900.0,9.322257041931152
2010-11-02,11.069999694824219,10.510000228881836,10.619999885559082,11.0600004196167,8837500.0,9.819445610046387
2010-11-03,11.050000190734863,10.739999771118164,11.050000190734863,10.920000076293945,7306400.0,9.695148468017578
2010-11-04,11.779999732971191,11.0,11.039999961853027,11.770000457763672,9586600.0,10.449809074401855
2010-11-05,12.109999656677246,11.630000114440918,11.75,11.979999542236328,8303000.0,10.63625431060791
2010-11-08,12.069999694824219,11.770000457763672,11.859999656677246,12.020000457763672,3970800.0,10.67176628112793
2010-11-09,12.1899995803833,11.710000038146973,12.050000190734863,11.75,4264400.0,10.432051658630371
2010-11-10,12.069999694824219,11.649999618530273,11.720000267028809,12.050000190734863,5836600.0,10.69840145111084
2010-11-11,12.25,11.859999656677246,11.890000343322754,12.170000076293945,6126800.0,10.80494213104248
2010-11-12,12.260000228881836,11.359999656677246,11.970000267028809,11.510000228881836,10332600.0,10.218974113464355
2010-11-15,11.550000190734863,10.90999984741211,11.539999961853027,10.970000267028809,8693100.0,9.739542961120605
2010-11-16,11.199999809265137,10.8100004196167,10.920000076293945,11.020000457763672,9778500.0,9.783933639526367
2010-11-17,11.109999656677246,10.600000381469727,10.979999542236328,10.680000305175781,5780200.0,9.482067108154297
2010-11-18,11.039999961853027,10.619999885559082,10.819999694824219,10.649999618530273,6615800.0,9.45543098449707
2010-11-19,10.649999618530273,10.420000076293945,10.640000343322754,10.479999542236328,4805200.0,9.304500579833984
2010-11-22,10.550000190734863,10.300000190734863,10.359999656677246,10.40999984741211,5146900.0,9.275544166564941
2010-11-23,10.359999656677246,10.029999732971191,10.319999694824219,10.0600004196167,6682500.0,8.963685035705566
2010-11-24,10.380000114440918,10.010000228881836,10.1899995803833,10.050000190734863,9180400.0,8.954774856567383
2010-11-26,10.09000015258789,9.859999656677246,10.050000190734863,9.989999771118164,3290500.0,8.901312828063965
2010-11-29,9.960000038146973,9.779999732971191,9.90999984741211,9.869999885559082,5863700.0,8.794389724731445
2010-11-30,10.119999885559082,9.770000457763672,9.779999732971191,10.039999961853027,10180400.0,8.945862770080566
2010-12-01,10.670000076293945,10.069999694824219,10.180000305175781,10.529999732971191,15281500.0,9.382468223571777
2010-12-02,10.949999809265137,10.460000038146973,10.520000457763672,10.920000076293945,11915500.0,9.729966163635254
2010-12-03,11.130000114440918,10.680000305175781,10.789999961853027,11.109999656677246,8541200.0,9.899258613586426
2010-12-06,11.279999732971191,10.90999984741211,11.050000190734863,11.25,4782800.0,10.024004936218262
2010-12-07,11.619999885559082,11.380000114440918,11.420000076293945,11.4399995803833,9899800.0,10.19329833984375
2010-12-08,11.449999809265137,11.039999961853027,11.420000076293945,11.199999809265137,5468100.0,9.979452133178711
2010-12-09,11.329999923706055,11.020000457763672,11.279999732971191,11.100000381469727,7760000.0,9.890349388122559
2010-12-10,11.239999771118164,10.979999542236328,11.15999984741211,11.140000343322754,3333300.0,9.925989151000977
2010-12-13,11.460000038146973,11.180000305175781,11.239999771118164,11.359999656677246,5361400.0,10.122013092041016
2010-12-14,11.479999542236328,11.199999809265137,11.369999885559082,11.260000228881836,5716800.0,10.032914161682129
2010-12-15,11.359999656677246,11.039999961853027,11.199999809265137,11.069999694824219,7510300.0,9.863621711730957
2010-12-16,11.319999694824219,11.15999984741211,11.180000305175781,11.25,3536100.0,10.024004936218262
2010-12-17,11.40999984741211,11.100000381469727,11.229999542236328,11.390000343322754,4882600.0,10.148746490478516
2010-12-20,11.880000114440918,11.350000381469727,11.40999984741211,11.8100004196167,4898800.0,10.522974967956543
2010-12-21,11.970000267028809,11.699999809265137,11.84000015258789,11.90999984741211,4501600.0,10.612075805664062
2010-12-22,12.300000190734863,11.75,11.899999618530273,12.279999732971191,6525600.0,10.941756248474121
2010-12-23,12.279999732971191,11.84000015258789,12.229999542236328,11.90999984741211,5687700.0,10.612075805664062
2010-12-27,12.15999984741211,11.819999694824219,11.84000015258789,12.15999984741211,2527900.0,10.834835052490234
2010-12-28,12.15999984741211,11.75,12.15999984741211,11.800000190734863,3548200.0,10.514065742492676
2010-12-29,11.979999542236328,11.800000190734863,11.8100004196167,11.920000076293945,1883700.0,10.620986938476562
2010-12-30,12.09000015258789,11.829999923706055,11.920000076293945,12.010000228881836,2880700.0,10.701177597045898
2010-12-31,12.130000114440918,11.930000305175781,12.0,11.930000305175781,2415700.0,10.629895210266113
2011-01-03,12.40999984741211,12.020000457763672,12.0600004196167,12.34000015258789,4600200.0,10.995216369628906
2011-01-04,12.399999618530273,11.979999542236328,12.34000015258789,12.010000228881836,3832700.0,10.701177597045898
2011-01-05,12.420000076293945,11.930000305175781,11.949999809265137,12.399999618530273,4433000.0,11.048678398132324
2011-01-06,12.869999885559082,12.430000305175781,12.489999771118164,12.829999923706055,8194900.0,11.431817054748535
2011-01-07,13.25,12.609999656677246,13.050000190734863,13.020000457763672,9803700.0,11.601113319396973
2011-01-10,12.9399995803833,12.520000457763672,12.90999984741211,12.65999984741211,5597500.0,11.280345916748047
2011-01-11,13.25,12.890000343322754,12.960000038146973,13.100000381469727,8710700.0,11.672394752502441
2011-01-12,13.229999542236328,13.039999961853027,13.170000076293945,13.109999656677246,4583200.0,11.681304931640625
2011-01-13,13.109999656677246,12.899999618530273,13.079999923706055,13.079999923706055,5327700.0,11.654574394226074
2011-01-14,13.5,12.979999542236328,13.0600004196167,13.5,5246000.0,12.028803825378418
2011-01-18,13.489999771118164,13.199999809265137,13.449999809265137,13.329999923706055,3945600.0,11.877328872680664
2011-01-19,13.380000114440918,12.760000228881836,13.289999961853027,12.84000015258789,7551900.0,11.440729141235352
2011-01-20,13.0600004196167,12.760000228881836,12.829999923706055,12.90999984741211,9623400.0,11.503101348876953
2011-01-21,13.050000190734863,12.510000228881836,13.020000457763672,12.6899995803833,6018700.0,11.307074546813965
2011-01-24,13.0,12.699999809265137,12.710000038146973,12.9399995803833,4833600.0,11.529833793640137
2011-01-25,13.170000076293945,12.710000038146973,12.869999885559082,13.010000228881836,4308500.0,11.592202186584473
2011-01-26,13.380000114440918,12.9399995803833,13.069999694824219,13.239999771118164,8642000.0,11.797137260437012
2011-01-27,13.15999984741211,12.449999809265137,12.829999923706055,12.8100004196167,10316000.0,11.413999557495117
2011-01-28,12.850000381469727,12.289999961853027,12.800000190734863,12.5,8412200.0,11.137781143188477
2011-01-31,12.600000381469727,12.3100004196167,12.520000457763672,12.390000343322754,4971100.0,11.03977108001709
2011-02-01,12.65999984741211,12.34000015258789,12.479999542236328,12.399999618530273,6833100.0,11.048678398132324
2011-02-02,12.390000343322754,12.109999656677246,12.369999885559082,12.229999542236328,4875000.0,10.897204399108887
2011-02-03,12.079999923706055,11.75,11.970000267028809,11.899999618530273,7020800.0,10.603167533874512
2011-02-04,11.930000305175781,11.59000015258789,11.930000305175781,11.729999542236328,6729500.0,10.451693534851074
2011-02-07,12.220000267028809,11.779999732971191,11.789999961853027,12.119999885559082,5250200.0,10.79919147491455
2011-02-08,12.489999771118164,12.050000190734863,12.109999656677246,12.380000114440918,4615400.0,11.065092086791992
2011-02-09,12.550000190734863,12.300000190734863,12.369999885559082,12.460000038146973,3722900.0,11.136598587036133
2011-02-10,12.739999771118164,12.3100004196167,12.399999618530273,12.359999656677246,6137400.0,11.047220230102539
2011-02-11,12.520000457763672,12.079999923706055,12.270000457763672,12.510000228881836,4606400.0,11.181286811828613
2011-02-14,12.539999961853027,12.25,12.520000457763672,12.460000038146973,3537200.0,11.136598587036133
2011-02-15,12.510000228881836,12.279999732971191,12.369999885559082,12.319999694824219,2528100.0,11.011466979980469
2011-02-16,12.569999694824219,12.399999618530273,12.449999809265137,12.449999809265137,3258300.0,11.12765884399414
2011-02-17,12.84000015258789,12.380000114440918,12.420000076293945,12.6899995803833,5063600.0,11.342167854309082
2011-02-18,12.890000343322754,12.670000076293945,12.75,12.800000190734863,4958500.0,11.440485000610352
2011-02-22,12.619999885559082,11.960000038146973,12.600000381469727,12.069999694824219,5840600.0,10.788020133972168
2011-02-23,12.34000015258789,11.569999694824219,12.0600004196167,11.880000114440918,7091600.0,10.61819839477539
2011-02-24,12.020000457763672,11.5600004196167,11.8100004196167,11.770000457763672,6662300.0,10.519882202148438
2011-02-25,12.020000457763672,11.75,11.859999656677246,11.920000076293945,4143900.0,10.653950691223145
2011-02-28,12.0600004196167,11.640000343322754,11.960000038146973,11.84000015258789,5449700.0,10.582447052001953
2011-03-01,11.960000038146973,11.359999656677246,11.930000305175781,11.430000305175781,8557300.0,10.21599292755127
2011-03-02,11.680000305175781,11.420000076293945,11.430000305175781,11.550000190734863,4249400.0,10.323248863220215
2011-03-03,11.819999694824219,11.399999618530273,11.710000038146973,11.729999542236328,3825500.0,10.484131813049316
2011-03-04,11.720000267028809,11.369999885559082,11.649999618530273,11.460000038146973,4426100.0,10.24280834197998
2011-03-07,11.630000114440918,11.1899995803833,11.539999961853027,11.329999923706055,5984200.0,10.126616477966309
2011-03-08,11.970000267028809,11.369999885559082,11.380000114440918,11.890000343322754,5375100.0,10.627137184143066
2011-03-09,12.010000228881836,11.600000381469727,11.869999885559082,12.010000228881836,4753500.0,10.734390258789062
2011-03-10,12.010000228881836,11.729999542236328,11.930000305175781,11.869999885559082,5422600.0,10.609261512756348
2011-03-11,11.949999809265137,11.710000038146973,11.710000038146973,11.829999923706055,3341400.0,10.573511123657227
2011-03-14,11.84000015258789,11.510000228881836,11.720000267028809,11.649999618530273,2937800.0,10.412629127502441
2011-03-15,12.039999961853027,11.239999771118164,11.239999771118164,11.970000267028809,6578500.0,10.698640823364258
2011-03-16,12.0,11.569999694824219,11.739999771118164,11.699999809265137,8785900.0,10.457318305969238
2011-03-17,11.979999542236328,11.8100004196167,11.90999984741211,11.880000114440918,3915600.0,10.61819839477539
2011-03-18,12.069999694824219,11.779999732971191,12.050000190734863,11.899999618530273,4816600.0,10.636075973510742
2011-03-21,12.130000114440918,11.84000015258789,12.069999694824219,12.109999656677246,3643900.0,10.823770523071289
2011-03-22,12.119999885559082,11.84000015258789,12.119999885559082,11.850000381469727,3369100.0,10.591387748718262
2011-03-23,11.859999656677246,11.649999618530273,11.829999923706055,11.789999961853027,6230000.0,10.537757873535156
2011-03-24,11.869999885559082,11.579999923706055,11.850000381469727,11.789999961853027,3524400.0,10.537757873535156
2011-03-25,12.130000114440918,11.8100004196167,11.850000381469727,12.039999961853027,4239400.0,10.761207580566406
2011-03-28,12.300000190734863,11.989999771118164,12.09000015258789,12.149999618530273,4449900.0,10.859522819519043
2011-03-29,12.149999618530273,11.800000190734863,12.069999694824219,11.949999809265137,7085300.0,10.680764198303223
2011-03-30,12.0600004196167,11.710000038146973,12.0600004196167,11.729999542236328,4436300.0,10.484131813049316
2011-03-31,11.75,11.529999732971191,11.739999771118164,11.649999618530273,5597200.0,10.412629127502441
2011-04-01,11.829999923706055,11.670000076293945,11.75,11.739999771118164,6155600.0,10.49306869506836
2011-04-04,11.739999771118164,11.4399995803833,11.739999771118164,11.460000038146973,4993600.0,10.24280834197998
2011-04-05,11.489999771118164,11.09000015258789,11.270000457763672,11.260000228881836,8642400.0,10.064054489135742
2011-04-06,11.520000457763672,11.229999542236328,11.380000114440918,11.489999771118164,6119300.0,10.269623756408691
2011-04-07,11.6899995803833,11.479999542236328,11.489999771118164,11.619999885559082,4159000.0,10.385815620422363
2011-04-08,11.800000190734863,11.5600004196167,11.699999809265137,11.609999656677246,4957800.0,10.376874923706055
2011-04-11,11.729999542236328,11.520000457763672,11.609999656677246,11.710000038146973,2877400.0,10.466254234313965
2011-04-12,11.8100004196167,11.5600004196167,11.609999656677246,11.65999984741211,4063300.0,10.421568870544434
2011-04-13,11.75,11.40999984741211,11.699999809265137,11.479999542236328,3468000.0,10.260684967041016
2011-04-14,11.430000305175781,11.270000457763672,11.380000114440918,11.40999984741211,2703400.0,10.1981201171875
2011-04-15,11.550000190734863,11.380000114440918,11.479999542236328,11.529999732971191,3215900.0,10.305374145507812
2011-04-18,11.729999542236328,11.34000015258789,11.369999885559082,11.670000076293945,4104700.0,10.430502891540527
2011-04-19,11.890000343322754,11.6899995803833,11.6899995803833,11.8100004196167,3798300.0,10.55563735961914
2011-04-20,12.199999809265137,11.880000114440918,12.029999732971191,12.170000076293945,5176000.0,10.877396583557129
2011-04-21,12.229999542236328,11.880000114440918,12.220000267028809,11.989999771118164,3184000.0,10.71651840209961
2011-04-25,12.220000267028809,11.90999984741211,12.0,12.119999885559082,3271900.0,10.832707405090332
2011-04-26,12.289999961853027,12.119999885559082,12.140000343322754,12.220000267028809,4791000.0,10.922087669372559
2011-04-27,12.300000190734863,12.029999732971191,12.25,12.029999732971191,7666600.0,10.752267837524414
2011-04-28,12.270000457763672,12.0,12.029999732971191,12.100000381469727,9036700.0,10.814831733703613
2011-04-29,12.680000305175781,12.239999771118164,12.300000190734863,12.4399995803833,7631100.0,11.118720054626465
2011-05-02,12.5600004196167,12.0600004196167,12.550000190734863,12.09000015258789,5600200.0,10.80589771270752
2011-05-03,12.25,11.800000190734863,12.050000190734863,11.920000076293945,8594100.0,10.653950691223145
2011-05-04,12.029999732971191,11.779999732971191,11.920000076293945,11.989999771118164,4508100.0,10.71651840209961
2011-05-05,12.319999694824219,11.819999694824219,11.899999618530273,12.050000190734863,5876400.0,10.770142555236816
2011-05-06,12.289999961853027,11.890000343322754,12.239999771118164,11.930000305175781,4306900.0,10.662888526916504
2011-05-09,11.930000305175781,11.739999771118164,11.930000305175781,11.8100004196167,2556100.0,10.55563735961914
2011-05-10,11.960000038146973,11.710000038146973,11.729999542236328,11.869999885559082,3223100.0,10.643057823181152
2011-05-11,11.9399995803833,11.630000114440918,11.84000015258789,11.699999809265137,3660500.0,10.490631103515625
2011-05-12,11.739999771118164,11.5,11.680000305175781,11.59000015258789,3273600.0,10.392001152038574
2011-05-13,11.640000343322754,11.420000076293945,11.619999885559082,11.4399995803833,5202900.0,10.257505416870117
2011-05-16,11.729999542236328,11.380000114440918,11.40999984741211,11.670000076293945,4760000.0,10.463729858398438
2011-05-17,11.65999984741211,11.399999618530273,11.59000015258789,11.460000038146973,4175200.0,10.275435447692871
2011-05-18,11.680000305175781,11.489999771118164,11.510000228881836,11.649999618530273,4908500.0,10.445795059204102
2011-05-19,11.8100004196167,11.609999656677246,11.75,11.760000228881836,3750500.0,10.544427871704102
2011-05-20,12.0,11.630000114440918,11.75,11.800000190734863,5304100.0,10.580290794372559
2011-05-23,11.8100004196167,11.579999923706055,11.630000114440918,11.670000076293945,2984100.0,10.463729858398438
2011-05-24,11.75,11.460000038146973,11.680000305175781,11.470000267028809,4822100.0,10.284403800964355
2011-05-25,11.760000228881836,11.399999618530273,11.420000076293945,11.489999771118164,5389200.0,10.302336692810059
2011-05-26,11.869999885559082,11.460000038146973,11.489999771118164,11.8100004196167,3566200.0,10.589259147644043
2011-05-27,12.050000190734863,11.789999961853027,11.880000114440918,11.979999542236328,3344600.0,10.741686820983887
2011-05-31,12.180000305175781,11.800000190734863,12.09000015258789,12.180000305175781,5418100.0,10.921013832092285
2011-06-01,12.34000015258789,11.970000267028809,12.170000076293945,12.010000228881836,8945800.0,10.768584251403809
2011-06-02,12.149999618530273,11.680000305175781,11.970000267028809,11.710000038146973,5400000.0,10.49959659576416
2011-06-03,11.770000457763672,11.550000190734863,11.5600004196167,11.59000015258789,3184200.0,10.392001152038574
2011-06-06,11.59000015258789,11.279999732971191,11.569999694824219,11.319999694824219,3309600.0,10.14990520477295
2011-06-07,11.380000114440918,11.100000381469727,11.380000114440918,11.100000381469727,3897900.0,9.952649116516113
2011-06-08,11.079999923706055,10.729999542236328,11.050000190734863,10.760000228881836,9471700.0,9.64779281616211
2011-06-09,11.050000190734863,10.670000076293945,10.789999961853027,10.869999885559082,4957100.0,9.746423721313477
2011-06-10,10.90999984741211,10.619999885559082,10.8100004196167,10.760000228881836,5570100.0,9.64779281616211
2011-06-13,11.010000228881836,10.760000228881836,10.770000457763672,10.899999618530273,5223300.0,9.773321151733398
2011-06-14,11.25,11.010000228881836,11.010000228881836,11.130000114440918,3617700.0,9.979548454284668
2011-06-15,11.039999961853027,10.770000457763672,11.039999961853027,10.789999961853027,7604000.0,9.674691200256348
2011-06-16,11.199999809265137,10.829999923706055,10.84000015258789,10.960000038146973,5176400.0,9.827119827270508
2011-06-17,11.15999984741211,10.970000267028809,11.069999694824219,11.09000015258789,5141900.0,9.943681716918945
2011-06-20,11.260000228881836,10.949999809265137,11.039999961853027,11.229999542236328,3479900.0,10.069212913513184
2011-06-21,11.479999542236328,11.229999542236328,11.279999732971191,11.380000114440918,3535000.0,10.203705787658691
2011-06-22,11.800000190734863,11.270000457763672,11.359999656677246,11.539999961853027,7045800.0,10.347168922424316
2011-06-23,11.710000038146973,11.350000381469727,11.390000343322754,11.609999656677246,6777000.0,10.409932136535645
2011-06-24,11.789999961853027,11.350000381469727,11.640000343322754,11.420000076293945,3803100.0,10.239575386047363
2011-06-27,11.729999542236328,11.25,11.380000114440918,11.640000343322754,4554100.0,10.436832427978516
2011-06-28,11.829999923706055,11.529999732971191,11.710000038146973,11.75,5675900.0,10.535459518432617
2011-06-29,11.8100004196167,11.270000457763672,11.8100004196167,11.369999885559082,7620300.0,10.194741249084473
2011-06-30,11.5600004196167,11.350000381469727,11.479999542236328,11.520000457763672,7281900.0,10.32923412322998
2011-07-01,11.789999961853027,11.5,11.569999694824219,11.680000305175781,4261600.0,10.472698211669922
2011-07-05,11.850000381469727,11.539999961853027,11.8100004196167,11.630000114440918,4571100.0,10.427865028381348
2011-07-06,11.739999771118164,11.449999809265137,11.600000381469727,11.680000305175781,4429400.0,10.472698211669922
2011-07-07,12.0600004196167,11.75,11.789999961853027,11.930000305175781,3577200.0,10.696854591369629
2011-07-08,11.979999542236328,11.649999618530273,11.760000228881836,11.979999542236328,4662200.0,10.741686820983887
2011-07-11,11.850000381469727,11.550000190734863,11.770000457763672,11.640000343322754,4680200.0,10.436832427978516
2011-07-12,11.760000228881836,11.470000267028809,11.5600004196167,11.59000015258789,4152200.0,10.392001152038574
2011-07-13,11.779999732971191,11.529999732971191,11.65999984741211,11.579999923706055,5064600.0,10.383031845092773
2011-07-14,11.65999984741211,11.369999885559082,11.619999885559082,11.449999809265137,3777900.0,10.266470909118652
2011-07-15,11.520000457763672,11.3100004196167,11.510000228881836,11.479999542236328,4817000.0,10.293368339538574
2011-07-18,11.5,11.15999984741211,11.430000305175781,11.289999961853027,4859100.0,10.123007774353027
2011-07-19,11.979999542236328,11.460000038146973,11.479999542236328,11.930000305175781,7174300.0,10.696854591369629
2011-07-20,12.029999732971191,11.829999923706055,11.880000114440918,11.850000381469727,5339500.0,10.625123023986816
2011-07-21,12.1899995803833,11.890000343322754,11.920000076293945,12.130000114440918,4806500.0,10.876180648803711
2011-07-22,12.170000076293945,11.899999618530273,12.170000076293945,12.079999923706055,4241400.0,10.831352233886719
2011-07-25,12.109999656677246,11.890000343322754,11.949999809265137,11.970000267028809,4164300.0,10.732719421386719
2011-07-26,11.989999771118164,11.760000228881836,11.989999771118164,11.850000381469727,3007800.0,10.625123023986816
2011-07-27,11.84000015258789,11.539999961853027,11.800000190734863,11.600000381469727,6584800.0,10.400969505310059
2011-07-28,12.550000190734863,11.699999809265137,11.699999809265137,11.899999618530273,13017700.0,10.66995906829834
2011-07-29,12.279999732971191,11.699999809265137,11.75,11.880000114440918,7094100.0,10.652023315429688
2011-08-01,12.119999885559082,11.680000305175781,12.039999961853027,11.75,7161900.0,10.535459518432617
2011-08-02,11.829999923706055,11.380000114440918,11.59000015258789,11.390000343322754,6847400.0,10.212674140930176
2011-08-03,11.520000457763672,11.09000015258789,11.380000114440918,11.260000228881836,8317100.0,10.096112251281738
2011-08-04,11.130000114440918,10.460000038146973,11.09000015258789,10.479999542236328,9235400.0,9.396730422973633
2011-08-05,10.739999771118164,10.130000114440918,10.640000343322754,10.420000076293945,11528700.0,9.342937469482422
2011-08-08,10.270000457763672,9.239999771118164,10.039999961853027,9.5600004196167,10082900.0,8.571831703186035
2011-08-09,9.829999923706055,8.899999618530273,9.779999732971191,9.59000015258789,15937000.0,8.598729133605957
2011-08-10,9.430000305175781,9.140000343322754,9.329999923706055,9.180000305175781,12451500.0,8.263421058654785
2011-08-11,9.640000343322754,8.970000267028809,9.239999771118164,9.479999542236328,10235300.0,8.533465385437012
2011-08-12,9.649999618530273,9.329999923706055,9.569999694824219,9.520000457763672,6274600.0,8.569475173950195
2011-08-15,9.949999809265137,9.520000457763672,9.600000381469727,9.930000305175781,6496800.0,8.938535690307617
2011-08-16,10.079999923706055,9.739999771118164,9.8100004196167,9.880000114440918,4974600.0,8.893529891967773
2011-08-17,10.0,9.630000114440918,9.949999809265137,9.739999771118164,4774700.0,8.767508506774902
2011-08-18,9.520000457763672,9.029999732971191,9.460000038146973,9.130000114440918,7585200.0,8.218413352966309
2011-08-19,9.300000190734863,8.930000305175781,8.979999542236328,8.949999809265137,5717300.0,8.056386947631836
2011-08-22,9.1899995803833,8.84000015258789,9.140000343322754,8.949999809265137,8255400.0,8.056386947631836
2011-08-23,9.100000381469727,8.819999694824219,8.949999809265137,8.9399995803833,8832500.0,8.047383308410645
2011-08-24,9.470000267028809,8.90999984741211,8.9399995803833,9.449999809265137,9832400.0,8.506463050842285
2011-08-25,9.699999809265137,9.350000381469727,9.489999771118164,9.609999656677246,9923900.0,8.65048885345459
2011-08-26,9.850000381469727,9.25,9.489999771118164,9.680000305175781,9735900.0,8.713500022888184
2011-08-29,10.319999694824219,9.789999961853027,9.880000114440918,10.319999694824219,6411400.0,9.289599418640137
2011-08-30,10.710000038146973,10.199999809265137,10.279999732971191,10.600000381469727,11200300.0,9.541641235351562
2011-08-31,10.949999809265137,10.390000343322754,10.949999809265137,10.520000457763672,7679500.0,9.46962833404541
2011-09-01,10.619999885559082,10.1899995803833,10.550000190734863,10.199999809265137,6362900.0,9.181580543518066
2011-09-02,10.140000343322754,9.880000114440918,10.039999961853027,9.970000267028809,3948100.0,8.974541664123535
2011-09-06,9.869999885559082,9.4399995803833,9.569999694824219,9.729999542236328,7844500.0,8.758503913879395
2011-09-07,10.220000267028809,9.880000114440918,10.100000381469727,10.170000076293945,5729400.0,9.15457534790039
2011-09-08,10.149999618530273,9.729999542236328,10.119999885559082,9.800000190734863,5858200.0,8.821516990661621
2011-09-09,9.739999771118164,9.40999984741211,9.699999809265137,9.579999923706055,7052900.0,8.623480796813965
2011-09-12,9.579999923706055,9.140000343322754,9.140000343322754,9.5600004196167,6842300.0,8.60548210144043
2011-09-13,9.680000305175781,9.34000015258789,9.579999923706055,9.420000076293945,8662300.0,8.479453086853027
2011-09-14,9.6899995803833,9.300000190734863,9.479999542236328,9.569999694824219,7484300.0,8.614481925964355
2011-09-15,9.6899995803833,9.420000076293945,9.630000114440918,9.59000015258789,7614000.0,8.632485389709473
2011-09-16,9.789999961853027,9.59000015258789,9.640000343322754,9.649999618530273,5021800.0,8.686493873596191
2011-09-19,9.65999984741211,9.289999961853027,9.5,9.5600004196167,5974000.0,8.60548210144043
2011-09-20,9.960000038146973,9.640000343322754,9.65999984741211,9.779999732971191,6637200.0,8.803512573242188
2011-09-21,10.140000343322754,9.609999656677246,9.75,9.649999618530273,8529900.0,8.686493873596191
2011-09-22,9.4399995803833,8.970000267028809,9.239999771118164,9.119999885559082,8893700.0,8.209410667419434
2011-09-23,9.329999923706055,8.979999542236328,9.020000457763672,9.170000076293945,4419100.0,8.254417419433594
2011-09-26,9.460000038146973,9.010000228881836,9.270000457763672,9.449999809265137,6671500.0,8.506463050842285
2011-09-27,9.779999732971191,9.34000015258789,9.699999809265137,9.390000343322754,5535800.0,8.45245361328125
2011-09-28,9.470000267028809,9.0600004196167,9.40999984741211,9.100000381469727,4980800.0,8.19140911102295
2011-09-29,9.449999809265137,9.039999961853027,9.300000190734863,9.4399995803833,6959600.0,8.497462272644043
2011-09-30,9.300000190734863,9.020000457763672,9.300000190734863,9.039999961853027,6356900.0,8.137399673461914
2011-10-03,9.029999732971191,8.449999809265137,9.020000457763672,8.449999809265137,6916300.0,7.6063055992126465
2011-10-04,8.710000038146973,8.029999732971191,8.3100004196167,8.710000038146973,9400000.0,7.840348720550537
2011-10-05,9.229999542236328,8.600000381469727,8.739999771118164,9.1899995803833,7406500.0,8.272424697875977
2011-10-06,9.399999618530273,9.0,9.09000015258789,9.319999694824219,5272100.0,8.389440536499023
2011-10-07,9.430000305175781,8.989999771118164,9.399999618530273,9.170000076293945,4933100.0,8.254417419433594
2011-10-10,9.649999618530273,9.34000015258789,9.399999618530273,9.640000343322754,4932100.0,8.67749309539795
2011-10-11,9.850000381469727,9.520000457763672,9.609999656677246,9.789999961853027,5303500.0,8.812516212463379
2011-10-12,10.3100004196167,9.789999961853027,9.859999656677246,10.039999961853027,5786100.0,9.037553787231445
2011-10-13,10.25,9.65999984741211,9.90999984741211,9.859999656677246,6206700.0,8.875526428222656
2011-10-14,10.130000114440918,9.729999542236328,10.0,9.960000038146973,3977400.0,8.965542793273926
2011-10-17,10.029999732971191,9.489999771118164,10.029999732971191,9.539999961853027,6648100.0,8.587477684020996
2011-10-18,10.8100004196167,9.399999618530273,9.5600004196167,10.59000015258789,15081400.0,9.532641410827637
2011-10-19,11.09000015258789,10.369999885559082,11.0600004196167,10.4399995803833,8207300.0,9.39761734008789
2011-10-20,10.680000305175781,10.109999656677246,10.460000038146973,10.619999885559082,7412100.0,9.55964183807373
2011-10-21,11.130000114440918,10.680000305175781,10.779999732971191,10.829999923706055,8327600.0,9.748677253723145
2011-10-24,11.5,10.850000381469727,10.920000076293945,11.420000076293945,12608600.0,10.279770851135254
2011-10-25,11.359999656677246,10.899999618530273,11.359999656677246,11.100000381469727,10123700.0,9.991722106933594
2011-10-26,11.4399995803833,10.90999984741211,11.289999961853027,11.319999694824219,8332700.0,10.189750671386719
2011-10-27,12.0,11.369999885559082,11.75,11.8100004196167,11455600.0,10.630828857421875
2011-10-28,11.760000228881836,11.40999984741211,11.699999809265137,11.609999656677246,7779400.0,10.450797080993652
2011-10-31,11.569999694824219,11.130000114440918,11.460000038146973,11.130000114440918,5858100.0,10.018722534179688
2011-11-01,11.239999771118164,10.739999771118164,10.8100004196167,10.899999618530273,9907300.0,9.811687469482422
2011-11-02,11.390000343322754,10.960000038146973,11.109999656677246,11.279999732971191,5456400.0,10.153746604919434
2011-11-03,11.619999885559082,11.010000228881836,11.420000076293945,11.569999694824219,6497400.0,10.414791107177734
2011-11-04,11.6899995803833,11.359999656677246,11.460000038146973,11.550000190734863,4005900.0,10.39678955078125
2011-11-07,11.729999542236328,11.039999961853027,11.199999809265137,11.680000305175781,5372200.0,10.513806343078613
2011-11-08,12.069999694824219,11.670000076293945,11.75,12.039999961853027,11047400.0,10.837864875793457
2011-11-09,11.819999694824219,11.3100004196167,11.729999542236328,11.369999885559082,7960500.0,10.234761238098145
2011-11-10,11.699999809265137,11.319999694824219,11.579999923706055,11.65999984741211,9696100.0,10.495804786682129
2011-11-11,11.5600004196167,11.109999656677246,11.260000228881836,11.460000038146973,12677100.0,10.315774917602539
2011-11-14,11.460000038146973,11.0600004196167,11.300000190734863,11.279999732971191,6489200.0,10.153746604919434
2011-11-15,11.430000305175781,11.130000114440918,11.199999809265137,11.319999694824219,5354300.0,10.189750671386719
2011-11-16,11.760000228881836,11.119999885559082,11.170000076293945,11.539999961853027,6887300.0,10.387787818908691
2011-11-17,11.779999732971191,11.25,11.550000190734863,11.329999923706055,8055200.0,10.198756217956543
2011-11-18,11.4399995803833,11.180000305175781,11.430000305175781,11.25,5005300.0,10.126742362976074
2011-11-21,11.239999771118164,10.920000076293945,11.069999694824219,11.15999984741211,6298600.0,10.045729637145996
2011-11-22,11.430000305175781,11.0,11.15999984741211,11.300000190734863,9007400.0,10.171751976013184
2011-11-23,11.15999984741211,10.760000228881836,11.15999984741211,10.829999923706055,5980400.0,9.748677253723145
2011-11-25,11.140000343322754,10.75,10.850000381469727,10.859999656677246,2105200.0,9.77568244934082
2011-11-28,11.470000267028809,11.100000381469727,11.239999771118164,11.260000228881836,4974800.0,10.1357421875
2011-11-29,11.5,11.09000015258789,11.25,11.289999961853027,6363800.0,10.16274642944336
2011-11-30,12.0,11.600000381469727,11.65999984741211,11.90999984741211,8959800.0,10.756571769714355
2011-12-01,12.0600004196167,11.699999809265137,11.899999618530273,11.930000305175781,5825500.0,10.774635314941406
2011-12-02,12.130000114440918,11.859999656677246,12.100000381469727,11.890000343322754,6475900.0,10.738509178161621
2011-12-05,12.619999885559082,12.09000015258789,12.149999618530273,12.609999656677246,16614600.0,11.388776779174805
2011-12-06,12.800000190734863,12.4399995803833,12.609999656677246,12.680000305175781,10521700.0,11.452000617980957
2011-12-07,12.779999732971191,12.470000267028809,12.720000267028809,12.6899995803833,5648000.0,11.46103286743164
2011-12-08,12.609999656677246,12.1899995803833,12.5600004196167,12.229999542236328,5185500.0,11.045580863952637
2011-12-09,12.6899995803833,12.270000457763672,12.270000457763672,12.65999984741211,4863000.0,11.433938026428223
2011-12-12,12.75,12.329999923706055,12.430000305175781,12.65999984741211,7002700.0,11.433938026428223
2011-12-13,12.890000343322754,11.989999771118164,12.770000457763672,12.050000190734863,10506400.0,10.883012771606445
2011-12-14,11.90999984741211,11.649999618530273,11.75,11.6899995803833,9173700.0,10.557877540588379
2011-12-15,12.0600004196167,11.779999732971191,11.850000381469727,11.920000076293945,4815800.0,10.765604019165039
2011-12-16,12.229999542236328,11.970000267028809,12.069999694824219,12.0,6840100.0,10.837854385375977
2011-12-19,12.199999809265137,11.710000038146973,12.130000114440918,11.760000228881836,5058200.0,10.621100425720215
2011-12-20,12.520000457763672,12.020000457763672,12.020000457763672,12.430000305175781,10422800.0,11.226213455200195
2011-12-21,12.850000381469727,12.229999542236328,12.489999771118164,12.779999732971191,6363500.0,11.542316436767578
2011-12-22,12.850000381469727,12.5,12.779999732971191,12.520000457763672,4378300.0,11.307496070861816
2011-12-23,12.65999984741211,12.319999694824219,12.550000190734863,12.449999809265137,2942700.0,11.244274139404297
2011-12-27,12.510000228881836,12.329999923706055,12.430000305175781,12.350000381469727,2701100.0,11.153960227966309
2011-12-28,12.359999656677246,12.0600004196167,12.350000381469727,12.199999809265137,3021600.0,11.018486976623535
2011-12-29,12.789999961853027,12.279999732971191,12.369999885559082,12.739999771118164,6572700.0,11.50618839263916
2011-12-30,12.8100004196167,12.59000015258789,12.720000267028809,12.609999656677246,2535300.0,11.388776779174805
2012-01-03,13.270000457763672,12.8100004196167,12.890000343322754,12.979999542236328,6695300.0,11.72294807434082
2012-01-04,13.270000457763672,12.739999771118164,12.890000343322754,13.119999885559082,5990600.0,11.849388122558594
2012-01-05,13.380000114440918,12.920000076293945,13.010000228881836,13.359999656677246,9616500.0,12.066145896911621
2012-01-06,13.569999694824219,12.9399995803833,13.399999618530273,12.979999542236328,9366900.0,11.72294807434082
2012-01-09,13.180000305175781,12.850000381469727,13.079999923706055,12.960000038146973,6955400.0,11.704883575439453
2012-01-10,13.479999542236328,13.1899995803833,13.1899995803833,13.479999542236328,9011400.0,12.174525260925293
2012-01-11,14.15999984741211,13.449999809265137,13.510000228881836,14.130000114440918,13622100.0,12.761576652526855
2012-01-12,14.260000228881836,13.850000381469727,14.199999809265137,14.239999771118164,7700900.0,12.860923767089844
2012-01-13,14.0600004196167,13.59000015258789,14.0600004196167,13.90999984741211,6766800.0,12.562882423400879
2012-01-17,14.119999885559082,13.65999984741211,14.029999732971191,13.75,7900600.0,12.418378829956055
2012-01-18,14.279999732971191,13.65999984741211,13.770000457763672,14.119999885559082,12292600.0,12.752541542053223
2012-01-19,14.069999694824219,13.729999542236328,13.970000267028809,14.050000190734863,7850000.0,12.689322471618652
2012-01-20,14.100000381469727,13.65999984741211,14.050000190734863,13.819999694824219,5570900.0,12.481596946716309
2012-01-23,14.210000038146973,13.779999732971191,13.829999923706055,13.890000343322754,7515100.0,12.544819831848145
2012-01-24,14.270000457763672,13.680000305175781,13.760000228881836,14.25,9121500.0,12.869955062866211
2012-01-25,14.550000190734863,14.010000228881836,14.199999809265137,14.489999771118164,12408600.0,13.086711883544922
2012-01-26,14.699999809265137,14.039999961853027,14.539999961853027,14.119999885559082,9943400.0,12.752541542053223
2012-01-27,14.720000267028809,14.069999694824219,14.220000267028809,14.390000343322754,11223500.0,12.99639892578125
2012-01-30,14.229999542236328,13.869999885559082,14.229999542236328,14.079999923706055,7137100.0,12.716418266296387
2012-01-31,14.300000190734863,13.649999618530273,13.960000038146973,13.920000076293945,8230900.0,12.571911811828613
2012-02-01,14.270000457763672,13.859999656677246,13.989999771118164,14.09000015258789,5685000.0,12.725452423095703
2012-02-02,14.25,13.979999542236328,14.09000015258789,14.119999885559082,3954500.0,12.752541542053223
2012-02-03,14.789999961853027,14.34000015258789,14.34000015258789,14.65999984741211,11430100.0,13.24024486541748
2012-02-06,14.779999732971191,14.25,14.670000076293945,14.449999809265137,6713700.0,13.05058479309082
2012-02-07,14.529999732971191,14.229999542236328,14.359999656677246,14.359999656677246,3956500.0,12.96929931640625
2012-02-08,14.5600004196167,14.149999618530273,14.329999923706055,14.489999771118164,6695600.0,13.120976448059082
2012-02-09,14.720000267028809,14.319999694824219,14.539999961853027,14.510000228881836,7516200.0,13.139083862304688
2012-02-10,14.470000267028809,14.210000038146973,14.369999885559082,14.329999923706055,4698800.0,12.976091384887695
2012-02-13,14.739999771118164,14.380000114440918,14.489999771118164,14.729999542236328,6973700.0,13.338300704956055
2012-02-14,14.649999618530273,14.25,14.479999542236328,14.5600004196167,8501500.0,13.18436336517334
2012-02-15,14.770000457763672,14.420000076293945,14.640000343322754,14.529999732971191,12311300.0,13.157195091247559
2012-02-16,14.699999809265137,14.329999923706055,14.59000015258789,14.470000267028809,8522000.0,13.102865219116211
2012-02-17,14.619999885559082,14.239999771118164,14.489999771118164,14.329999923706055,4071500.0,12.976091384887695
2012-02-21,14.5,13.869999885559082,14.40999984741211,13.9399995803833,5826500.0,12.622942924499512
2012-02-22,14.149999618530273,13.770000457763672,13.930000305175781,13.930000305175781,9627500.0,12.613887786865234
2012-02-23,14.279999732971191,13.84000015258789,13.899999618530273,14.15999984741211,5933000.0,12.82215404510498
2012-02-24,14.34000015258789,13.869999885559082,14.170000076293945,13.979999542236328,3637000.0,12.659161567687988
2012-02-27,14.380000114440918,13.819999694824219,13.899999618530273,14.239999771118164,6210000.0,12.894596099853516
2012-02-28,14.220000267028809,13.829999923706055,14.149999618530273,13.890000343322754,7464000.0,12.577664375305176
2012-02-29,14.539999961853027,13.899999618530273,13.949999809265137,14.34000015258789,8186600.0,12.985145568847656
2012-03-01,14.579999923706055,14.069999694824219,14.4399995803833,14.170000076293945,4498300.0,12.831208229064941
2012-03-02,14.210000038146973,13.880000114440918,14.130000114440918,13.930000305175781,3352500.0,12.613887786865234
2012-03-05,14.130000114440918,13.770000457763672,13.899999618530273,13.960000038146973,3035500.0,12.641050338745117
2012-03-06,13.819999694824219,13.449999809265137,13.800000190734863,13.460000038146973,6894000.0,12.188291549682617
2012-03-07,14.09000015258789,13.520000457763672,13.520000457763672,13.989999771118164,10482000.0,12.668214797973633
2012-03-08,14.649999618530273,13.949999809265137,14.15999984741211,14.5600004196167,13905900.0,13.18436336517334
2012-03-09,15.6899995803833,14.829999923706055,14.949999809265137,15.470000267028809,20938900.0,14.008383750915527
2012-03-12,15.949999809265137,15.460000038146973,15.539999961853027,15.670000076293945,9697400.0,14.189486503601074
2012-03-13,16.049999237060547,15.720000267028809,15.770000457763672,15.9399995803833,9813100.0,14.433977127075195
2012-03-14,16.09000015258789,15.699999809265137,15.899999618530273,15.829999923706055,6415500.0,14.334372520446777
2012-03-15,16.3799991607666,15.6899995803833,15.800000190734863,16.31999969482422,7689600.0,14.778075218200684
2012-03-16,16.450000762939453,15.90999984741211,16.3700008392334,16.030000686645508,7986800.0,14.515473365783691
2012-03-19,16.25,15.670000076293945,16.020000457763672,15.930000305175781,6519400.0,14.424924850463867
2012-03-20,15.819999694824219,15.489999771118164,15.760000228881836,15.739999771118164,5950000.0,14.252876281738281
2012-03-21,16.049999237060547,15.619999885559082,15.8100004196167,15.739999771118164,3884200.0,14.252876281738281
2012-03-22,15.649999618530273,15.350000381469727,15.630000114440918,15.420000076293945,5068300.0,13.963109016418457
2012-03-23,15.529999732971191,14.640000343322754,14.920000076293945,15.430000305175781,12007200.0,13.972163200378418
2012-03-26,15.6899995803833,15.109999656677246,15.609999656677246,15.430000305175781,6115100.0,13.972163200378418
2012-03-27,16.31999969482422,15.550000190734863,15.550000190734863,15.770000457763672,13423600.0,14.280040740966797
2012-03-28,15.979999542236328,15.619999885559082,15.789999961853027,15.90999984741211,5864200.0,14.406810760498047
2012-03-29,15.75,15.0600004196167,15.6899995803833,15.390000343322754,10113000.0,13.935940742492676
2012-03-30,15.5,15.0600004196167,15.479999542236328,15.170000076293945,5677200.0,13.73672866821289
2012-04-02,15.229999542236328,14.819999694824219,15.100000381469727,15.020000457763672,6730000.0,13.600898742675781
2012-04-03,15.020000457763672,14.699999809265137,14.970000267028809,14.829999923706055,9613400.0,13.428852081298828
2012-04-04,14.729999542236328,14.279999732971191,14.609999656677246,14.3100004196167,16027300.0,12.95798110961914
2012-04-05,14.40999984741211,13.90999984741211,14.270000457763672,14.050000190734863,17734500.0,12.722545623779297
2012-04-09,14.760000228881836,13.800000190734863,13.8100004196167,14.699999809265137,12811600.0,13.311134338378906
2012-04-10,14.84000015258789,14.039999961853027,14.649999618530273,14.050000190734863,13269400.0,12.722545623779297
2012-04-11,14.899999618530273,14.229999542236328,14.229999542236328,14.729999542236328,9720700.0,13.338300704956055
2012-04-12,15.220000267028809,14.579999923706055,14.779999732971191,15.1899995803833,8444500.0,13.754840850830078
2012-04-13,15.180000305175781,14.680000305175781,15.100000381469727,14.819999694824219,6017100.0,13.419794082641602
2012-04-16,15.380000114440918,14.619999885559082,15.0,14.779999732971191,7015200.0,13.383578300476074
2012-04-17,15.140000343322754,14.84000015258789,14.890000343322754,15.020000457763672,3552200.0,13.600898742675781
2012-04-18,14.970000267028809,14.65999984741211,14.9399995803833,14.869999885559082,4841800.0,13.465070724487305
2012-04-19,15.0600004196167,14.479999542236328,14.859999656677246,14.619999885559082,8248600.0,13.238692283630371
2012-04-20,15.619999885559082,14.670000076293945,14.680000305175781,15.380000114440918,12404900.0,13.926883697509766
2012-04-23,15.960000038146973,14.829999923706055,15.59000015258789,15.0600004196167,19871800.0,13.637120246887207
2012-04-24,15.739999771118164,15.020000457763672,15.1899995803833,15.539999961853027,9957300.0,14.071773529052734
2012-04-25,15.880000114440918,15.609999656677246,15.739999771118164,15.710000038146973,7288900.0,14.2257080078125
2012-04-26,16.25,15.640000343322754,15.8100004196167,16.139999389648438,14103200.0,14.615082740783691
2012-04-27,16.690000534057617,16.09000015258789,16.229999542236328,16.510000228881836,8551400.0,14.95012378692627
2012-04-30,16.459999084472656,16.06999969482422,16.450000762939453,16.350000381469727,6806300.0,14.805243492126465
2012-05-01,16.780000686645508,16.200000762939453,16.299999237060547,16.649999618530273,5481100.0,15.07690143585205
2012-05-02,17.90999984741211,16.479999542236328,16.5,17.219999313354492,21878300.0,15.59304428100586
2012-05-03,17.329999923706055,16.84000015258789,17.170000076293945,16.8799991607666,6422600.0,15.285165786743164
2012-05-04,17.15999984741211,16.59000015258789,16.809999465942383,16.600000381469727,8245700.0,15.065092086791992
2012-05-07,16.8700008392334,16.559999465942383,16.559999465942383,16.760000228881836,5487900.0,15.210296630859375
2012-05-08,16.68000030517578,16.079999923706055,16.610000610351562,16.559999465942383,6043200.0,15.028785705566406
2012-05-09,17.40999984741211,16.229999542236328,16.31999969482422,17.229999542236328,10506000.0,15.636838912963867
2012-05-10,17.59000015258789,16.809999465942383,17.469999313354492,16.920000076293945,10746000.0,15.355501174926758
2012-05-11,17.360000610351562,16.639999389648438,16.75,17.1299991607666,6403500.0,15.546082496643066
2012-05-14,17.360000610351562,16.889999389648438,17.149999618530273,16.899999618530273,5723200.0,15.337345123291016
2012-05-15,17.75,16.700000762939453,16.899999618530273,17.329999923706055,11874800.0,15.727593421936035
2012-05-16,17.700000762939453,17.010000228881836,17.510000228881836,17.059999465942383,9635500.0,15.482555389404297
2012-05-17,17.200000762939453,16.110000610351562,17.06999969482422,16.149999618530273,12147400.0,14.656698226928711
2012-05-18,16.270000457763672,15.770000457763672,16.270000457763672,16.010000228881836,11313400.0,14.529644966125488
2012-05-21,16.5,15.630000114440918,16.020000457763672,16.459999084472656,5635100.0,14.938033103942871
2012-05-22,16.93000030517578,16.3700008392334,16.540000915527344,16.59000015258789,9641600.0,15.056017875671387
2012-05-23,16.969999313354492,16.229999542236328,16.59000015258789,16.8700008392334,8137300.0,15.310127258300781
2012-05-24,17.200000762939453,16.81999969482422,16.989999771118164,17.149999618530273,5817200.0,15.564234733581543
2012-05-25,17.239999771118164,16.90999984741211,17.190000534057617,17.010000228881836,4747300.0,15.437180519104004
2012-05-29,17.459999084472656,17.06999969482422,17.200000762939453,17.43000030517578,3782500.0,15.81834602355957
2012-05-30,17.209999084472656,16.219999313354492,17.209999084472656,16.6200008392334,8151500.0,15.08323860168457
2012-05-31,16.799999237060547,16.030000686645508,16.6200008392334,16.600000381469727,8606000.0,15.065092086791992
2012-06-01,16.219999313354492,14.899999618530273,16.209999084472656,15.210000038146973,13233500.0,13.803613662719727
2012-06-04,15.25,14.369999885559082,15.15999984741211,14.479999542236328,11503300.0,13.141114234924316
2012-06-05,15.170000076293945,14.369999885559082,14.369999885559082,14.859999656677246,12215900.0,13.485980033874512
2012-06-06,15.670000076293945,15.0600004196167,15.140000343322754,15.3100004196167,10170400.0,13.894367218017578
2012-06-07,15.770000457763672,15.210000038146973,15.539999961853027,15.529999732971191,6579200.0,14.094023704528809
2012-06-08,15.989999771118164,15.270000457763672,15.789999961853027,15.970000267028809,5265000.0,14.493339538574219
2012-06-11,16.190000534057617,15.329999923706055,16.149999618530273,15.34000015258789,5430100.0,13.92159366607666
2012-06-12,15.550000190734863,15.0,15.550000190734863,15.3100004196167,9757700.0,13.894367218017578
2012-06-13,15.520000457763672,14.979999542236328,15.329999923706055,15.069999694824219,6837900.0,13.676560401916504
2012-06-14,15.739999771118164,15.140000343322754,15.180000305175781,15.649999618530273,6479400.0,14.202930450439453
2012-06-15,15.9399995803833,15.460000038146973,15.829999923706055,15.880000114440918,5892500.0,14.411664962768555
2012-06-18,16.579999923706055,15.649999618530273,15.649999618530273,16.5,10520900.0,14.974335670471191
2012-06-19,16.950000762939453,16.559999465942383,16.559999465942383,16.719999313354492,6842300.0,15.173993110656738
2012-06-20,16.959999084472656,16.489999771118164,16.799999237060547,16.75,5811600.0,15.20122241973877
2012-06-21,16.8799991607666,16.25,16.799999237060547,16.290000915527344,5556100.0,14.783758163452148
2012-06-22,16.600000381469727,16.170000076293945,16.360000610351562,16.40999984741211,3610900.0,14.892658233642578
2012-06-25,16.479999542236328,15.930000305175781,16.110000610351562,16.290000915527344,4226700.0,14.783758163452148
2012-06-26,17.06999969482422,16.360000610351562,16.360000610351562,16.8700008392334,9115200.0,15.310127258300781
2012-06-27,17.65999984741211,17.030000686645508,17.209999084472656,17.260000228881836,9802700.0,15.66406536102295
2012-06-28,17.420000076293945,16.829999923706055,17.18000030517578,17.389999389648438,6598300.0,15.782039642333984
2012-06-29,18.450000762939453,17.709999084472656,17.770000457763672,18.3799991607666,13169000.0,16.680503845214844
2012-07-02,18.559999465942383,18.190000534057617,18.450000762939453,18.510000228881836,9842500.0,16.798486709594727
2012-07-03,18.510000228881836,18.25,18.5,18.280000686645508,3912000.0,16.589752197265625
2012-07-05,18.739999771118164,18.110000610351562,18.239999771118164,18.690000534057617,7706600.0,16.96183967590332
2012-07-06,18.809999465942383,18.190000534057617,18.40999984741211,18.760000228881836,4075800.0,17.02536392211914
2012-07-09,18.969999313354492,18.450000762939453,18.6200008392334,18.889999389648438,7180500.0,17.143341064453125
2012-07-10,18.979999542236328,18.030000686645508,18.809999465942383,18.239999771118164,7078800.0,16.553443908691406
2012-07-11,18.350000381469727,17.709999084472656,18.239999771118164,17.8799991607666,5530700.0,16.226736068725586
2012-07-12,18.540000915527344,17.56999969482422,17.729999542236328,18.3700008392334,11050400.0,16.671424865722656
2012-07-13,19.34000015258789,18.479999542236328,18.639999389648438,18.700000762939453,11954400.0,16.970922470092773
2012-07-16,18.979999542236328,18.43000030517578,18.709999084472656,18.899999618530273,7195000.0,17.15241813659668
2012-07-17,18.8700008392334,18.459999084472656,18.700000762939453,18.639999389648438,7317700.0,16.916461944580078
2012-07-18,18.959999084472656,18.270000457763672,18.469999313354492,18.440000534057617,6857800.0,16.734954833984375
2012-07-19,18.6200008392334,18.09000015258789,18.420000076293945,18.469999313354492,7326100.0,16.762178421020508
2012-07-20,19.170000076293945,18.309999465942383,18.309999465942383,18.8799991607666,10382800.0,17.13426971435547
2012-07-23,19.299999237060547,18.520000457763672,18.549999237060547,19.06999969482422,7639200.0,17.306705474853516
2012-07-24,19.350000381469727,18.479999542236328,19.09000015258789,18.670000076293945,5446900.0,16.943689346313477
2012-07-25,18.959999084472656,17.979999542236328,18.719999313354492,17.979999542236328,9149500.0,16.31748390197754
2012-07-26,18.969999313354492,18.34000015258789,18.399999618530273,18.799999237060547,8706500.0,17.061668395996094
2012-07-27,19.049999237060547,17.610000610351562,18.829999923706055,18.389999389648438,13151700.0,16.689573287963867
2012-07-30,18.889999389648438,17.739999771118164,18.649999618530273,17.899999618530273,7095500.0,16.244884490966797
2012-07-31,18.030000686645508,17.510000228881836,17.75,17.6299991607666,7195800.0,15.999855995178223
2012-08-01,17.950000762939453,17.190000534057617,17.790000915527344,17.270000457763672,6599300.0,15.673141479492188
2012-08-02,17.729999542236328,16.93000030517578,17.209999084472656,17.549999237060547,8414200.0,15.927240371704102
2012-08-03,17.979999542236328,17.239999771118164,17.850000381469727,17.350000381469727,7618300.0,15.745742797851562
2012-08-06,17.729999542236328,17.209999084472656,17.479999542236328,17.479999542236328,5246100.0,15.863718032836914
2012-08-07,17.770000457763672,17.170000076293945,17.59000015258789,17.709999084472656,6192000.0,16.07245445251465
2012-08-08,18.06999969482422,17.389999389648438,17.6299991607666,18.030000686645508,5788400.0,16.362863540649414
2012-08-09,18.6299991607666,18.010000228881836,18.020000457763672,18.489999771118164,6859900.0,16.815305709838867
2012-08-10,18.43000030517578,17.950000762939453,18.350000381469727,18.09000015258789,4372500.0,16.451528549194336
2012-08-13,18.299999237060547,17.899999618530273,18.030000686645508,18.239999771118164,5209600.0,16.587947845458984
2012-08-14,18.479999542236328,18.079999923706055,18.34000015258789,18.329999923706055,4311100.0,16.669801712036133
2012-08-15,18.450000762939453,17.899999618530273,18.3799991607666,18.110000610351562,5173700.0,16.4697208404541
2012-08-16,18.969999313354492,18.020000457763672,18.15999984741211,18.920000076293945,8153300.0,17.20635986328125
2012-08-17,19.059999465942383,18.790000915527344,18.860000610351562,18.979999542236328,5470900.0,17.26092529296875
2012-08-20,19.0,18.270000457763672,18.969999313354492,18.40999984741211,5377600.0,16.742551803588867
2012-08-21,18.729999542236328,18.139999389648438,18.459999084472656,18.25,4618100.0,16.597043991088867
2012-08-22,19.219999313354492,18.239999771118164,18.239999771118164,19.0,10229300.0,17.27911376953125
2012-08-23,19.170000076293945,18.760000228881836,18.950000762939453,18.780000686645508,7173000.0,17.079042434692383
2012-08-24,19.110000610351562,18.700000762939453,18.780000686645508,19.010000228881836,4213200.0,17.288204193115234
2012-08-27,19.079999923706055,18.639999389648438,19.040000915527344,18.739999771118164,3380200.0,17.04265785217285
2012-08-28,18.959999084472656,18.510000228881836,18.68000030517578,18.6200008392334,3266000.0,16.933536529541016
2012-08-29,18.850000381469727,18.56999969482422,18.670000076293945,18.75,2518000.0,17.051761627197266
2012-08-30,18.93000030517578,18.459999084472656,18.6299991607666,18.770000457763672,3067600.0,17.069944381713867
2012-08-31,19.200000762939453,18.610000610351562,18.850000381469727,18.989999771118164,4972600.0,17.270021438598633
2012-09-04,19.579999923706055,18.920000076293945,19.0,19.489999771118164,6813900.0,17.724729537963867
2012-09-05,19.59000015258789,19.18000030517578,19.399999618530273,19.440000534057617,6373200.0,17.67926025390625
2012-09-06,20.040000915527344,19.530000686645508,19.549999237060547,20.040000915527344,7700800.0,18.224918365478516
2012-09-07,20.139999389648438,19.610000610351562,20.049999237060547,20.030000686645508,7791600.0,18.215822219848633
2012-09-10,20.110000610351562,19.729999542236328,19.969999313354492,19.760000228881836,5139900.0,17.970279693603516
2012-09-11,20.31999969482422,19.760000228881836,19.760000228881836,20.309999465942383,7758000.0,18.470460891723633
2012-09-12,20.700000762939453,20.350000381469727,20.3799991607666,20.56999969482422,7672600.0,18.706912994384766
2012-09-13,21.31999969482422,20.190000534057617,20.610000610351562,21.290000915527344,10048000.0,19.361703872680664
2012-09-14,22.479999542236328,21.450000762939453,21.450000762939453,21.989999771118164,12813600.0,19.9982967376709
2012-09-17,21.989999771118164,21.540000915527344,21.989999771118164,21.579999923706055,6696600.0,19.625436782836914
2012-09-18,21.989999771118164,21.290000915527344,21.639999389648438,21.350000381469727,5234200.0,19.416271209716797
2012-09-19,22.360000610351562,21.309999465942383,21.3700008392334,22.219999313354492,8155600.0,20.207468032836914
2012-09-20,22.309999465942383,21.860000610351562,22.100000381469727,22.190000534057617,5894400.0,20.180187225341797
2012-09-21,22.790000915527344,22.25,22.450000762939453,22.3700008392334,7604000.0,20.343875885009766
2012-09-24,22.540000915527344,21.75,22.459999084472656,22.040000915527344,6640600.0,20.043773651123047
2012-09-25,22.3700008392334,21.700000762939453,21.860000610351562,21.739999771118164,8805000.0,19.770938873291016
2012-09-26,21.979999542236328,20.440000534057617,21.780000686645508,20.899999618530273,11926200.0,19.007022857666016
2012-09-27,21.229999542236328,20.649999618530273,20.770000457763672,20.940000534057617,7386300.0,19.04340171813965
2012-09-28,20.8799991607666,20.530000686645508,20.829999923706055,20.6299991607666,6137800.0,18.7614688873291
2012-10-01,20.979999542236328,20.5,20.799999237060547,20.700000762939453,7912500.0,18.825143814086914
2012-10-02,20.860000610351562,20.549999237060547,20.719999313354492,20.709999084472656,7150100.0,18.834232330322266
2012-10-03,22.030000686645508,20.799999237060547,20.81999969482422,21.989999771118164,11171700.0,19.9982967376709
2012-10-04,22.25,21.709999084472656,22.030000686645508,22.0,8007200.0,20.00739860534668
2012-10-05,22.31999969482422,21.56999969482422,22.25,21.649999618530273,9080500.0,19.68909454345703
2012-10-08,21.65999984741211,21.09000015258789,21.65999984741211,21.170000076293945,5284500.0,19.2525691986084
2012-10-09,21.139999389648438,20.3799991607666,21.09000015258789,20.610000610351562,9037000.0,18.7432918548584
2012-10-10,21.059999465942383,20.520000457763672,20.559999465942383,20.729999542236328,4593000.0,18.852420806884766
2012-10-11,20.84000015258789,20.100000381469727,20.829999923706055,20.239999771118164,4112300.0,18.406801223754883
2012-10-12,20.239999771118164,19.729999542236328,20.209999084472656,19.959999084472656,5957900.0,18.152164459228516
2012-10-15,20.709999084472656,19.770000457763672,19.989999771118164,20.65999984741211,5809400.0,18.78876495361328
2012-10-16,20.799999237060547,20.309999465942383,20.729999542236328,20.68000030517578,3629900.0,18.806949615478516
2012-10-17,22.030000686645508,21.040000915527344,21.260000228881836,21.540000915527344,7571900.0,19.58905601501465
2012-10-18,21.790000915527344,21.43000030517578,21.5,21.549999237060547,4743500.0,19.59815216064453
2012-10-19,21.860000610351562,21.299999237060547,21.530000686645508,21.479999542236328,4700600.0,19.534494400024414
2012-10-22,21.700000762939453,21.18000030517578,21.489999771118164,21.43000030517578,3018500.0,19.48902130126953
2012-10-23,21.270000457763672,20.850000381469727,21.100000381469727,21.09000015258789,3519900.0,19.1798152923584
2012-10-24,21.56999969482422,21.09000015258789,21.1299991607666,21.40999984741211,3213500.0,19.47083282470703
2012-10-25,21.860000610351562,20.700000762939453,21.850000381469727,21.110000610351562,5125700.0,19.19800567626953
2012-10-26,21.059999465942383,20.420000076293945,21.049999237060547,20.760000228881836,3608000.0,18.87970733642578
2012-10-31,21.389999389648438,20.6200008392334,20.899999618530273,20.959999084472656,3410200.0,19.061588287353516
2012-11-01,21.8700008392334,21.059999465942383,21.100000381469727,21.84000015258789,4707100.0,19.86188507080078
2012-11-02,22.299999237060547,21.040000915527344,21.93000030517578,21.040000915527344,4113000.0,19.13434410095215
2012-11-05,21.75,21.0,21.010000228881836,21.709999084472656,2546600.0,19.74365997314453
2012-11-06,22.06999969482422,21.389999389648438,21.81999969482422,21.43000030517578,4680400.0,19.48902130126953
2012-11-07,21.850000381469727,20.989999771118164,21.299999237060547,21.420000076293945,5138600.0,19.479928970336914
2012-11-08,21.469999313354492,20.719999313354492,21.3799991607666,20.969999313354492,4346400.0,19.070682525634766
2012-11-09,21.059999465942383,20.100000381469727,20.81999969482422,20.600000381469727,7480900.0,18.734201431274414
2012-11-12,21.360000610351562,19.3700008392334,21.25,19.399999618530273,14870100.0,17.642887115478516
2012-11-13,19.739999771118164,18.850000381469727,19.079999923706055,19.25,12792200.0,17.5064754486084
2012-11-14,19.420000076293945,18.290000915527344,19.40999984741211,18.389999389648438,11396800.0,16.72435760498047
2012-11-15,19.079999923706055,17.709999084472656,18.299999237060547,18.469999313354492,11098500.0,16.797122955322266
2012-11-16,19.18000030517578,18.299999237060547,18.3700008392334,18.899999618530273,8717400.0,17.188167572021484
2012-11-19,19.59000015258789,18.780000686645508,19.31999969482422,19.020000457763672,8630700.0,17.29729461669922
2012-11-20,19.65999984741211,19.15999984741211,19.350000381469727,19.440000534057617,7374200.0,17.67926025390625
2012-11-21,19.790000915527344,19.260000228881836,19.489999771118164,19.450000762939453,4363900.0,17.688358306884766
2012-11-23,19.75,19.219999313354492,19.549999237060547,19.530000686645508,1562500.0,17.761112213134766
2012-11-26,19.6299991607666,19.280000686645508,19.479999542236328,19.5,3319500.0,17.73382568359375
2012-11-27,19.989999771118164,19.40999984741211,19.5,19.579999923706055,6333400.0,17.80657958984375
2012-11-28,19.610000610351562,18.940000534057617,19.5,19.420000076293945,4814900.0,17.66107177734375
2012-11-29,20.0,19.389999389648438,19.690000534057617,19.610000610351562,4817600.0,17.86836814880371
2012-11-30,19.649999618530273,19.18000030517578,19.6200008392334,19.459999084472656,4916600.0,17.731689453125
2012-12-03,19.610000610351562,19.309999465942383,19.559999465942383,19.3700008392334,2991100.0,17.64968490600586
2012-12-04,19.760000228881836,18.940000534057617,19.610000610351562,18.940000534057617,7301400.0,17.25787353515625
2012-12-05,19.049999237060547,18.360000610351562,18.989999771118164,18.59000015258789,8092200.0,16.93895721435547
2012-12-06,18.809999465942383,18.299999237060547,18.530000686645508,18.690000534057617,4364700.0,17.030075073242188
2012-12-07,19.1200008392334,18.520000457763672,18.829999923706055,18.850000381469727,3742200.0,17.175870895385742
2012-12-10,18.770000457763672,18.270000457763672,18.639999389648438,18.399999618530273,6260400.0,16.765836715698242
2012-12-11,18.739999771118164,18.360000610351562,18.540000915527344,18.559999465942383,5894600.0,16.911623001098633
2012-12-12,19.420000076293945,18.520000457763672,18.6200008392334,19.209999084472656,10127400.0,17.503890991210938
2012-12-13,19.3799991607666,18.799999237060547,19.110000610351562,18.8799991607666,4470800.0,17.338586807250977
2012-12-14,18.940000534057617,18.59000015258789,18.8700008392334,18.739999771118164,3249000.0,17.210020065307617
2012-12-17,19.729999542236328,18.799999237060547,18.829999923706055,19.690000534057617,5342000.0,18.082460403442383
2012-12-18,20.18000030517578,19.6299991607666,19.690000534057617,20.079999923706055,7320800.0,18.44061851501465
2012-12-19,20.260000228881836,19.649999618530273,20.149999618530273,19.950000762939453,6807600.0,18.32123565673828
2012-12-20,20.299999237060547,19.75,19.93000030517578,20.100000381469727,5962700.0,18.458986282348633
2012-12-21,19.860000610351562,19.280000686645508,19.860000610351562,19.75,7703700.0,18.137561798095703
2012-12-24,20.0,19.56999969482422,19.760000228881836,19.59000015258789,1728100.0,17.990623474121094
2012-12-26,19.860000610351562,19.399999618530273,19.649999618530273,19.440000534057617,2615100.0,17.852867126464844
2012-12-27,19.6200008392334,19.059999465942383,19.440000534057617,19.479999542236328,3852700.0,17.88960075378418
2012-12-28,19.459999084472656,19.079999923706055,19.34000015258789,19.239999771118164,3059200.0,17.6691951751709
2012-12-31,19.809999465942383,19.049999237060547,19.190000534057617,19.780000686645508,4245700.0,18.16511344909668
2013-01-02,20.479999542236328,20.020000457763672,20.34000015258789,20.389999389648438,7441200.0,18.725303649902344
2013-01-03,20.799999237060547,20.200000762939453,20.6200008392334,20.3799991607666,7427400.0,18.716129302978516
2013-01-04,20.739999771118164,20.25,20.3799991607666,20.719999313354492,4532000.0,19.02836799621582
2013-01-07,20.889999389648438,20.5,20.59000015258789,20.809999465942383,4118000.0,19.111013412475586
2013-01-08,20.8799991607666,20.559999465942383,20.799999237060547,20.729999542236328,2963900.0,19.037548065185547
2013-01-09,21.40999984741211,20.81999969482422,20.93000030517578,21.149999618530273,4765100.0,19.423263549804688
2013-01-10,21.25,20.700000762939453,21.25,20.860000610351562,3853000.0,19.156936645507812
2013-01-11,21.389999389648438,20.700000762939453,21.139999389648438,20.950000762939453,3624200.0,19.23958969116211
2013-01-14,21.299999237060547,20.790000915527344,21.0,20.889999389648438,2774400.0,19.18448829650879
2013-01-15,21.110000610351562,20.6299991607666,20.75,21.079999923706055,5247900.0,19.358972549438477
2013-01-16,21.25,20.850000381469727,20.959999084472656,21.0,2951400.0,19.28550910949707
2013-01-17,21.6200008392334,21.18000030517578,21.18000030517578,21.530000686645508,4409600.0,19.772239685058594
2013-01-18,21.670000076293945,21.3799991607666,21.59000015258789,21.520000457763672,3952100.0,19.763050079345703
2013-01-22,21.700000762939453,21.15999984741211,21.649999618530273,21.549999237060547,4947200.0,19.790607452392578
2013-01-23,21.850000381469727,21.43000030517578,21.68000030517578,21.81999969482422,4327100.0,20.03856086730957
2013-01-24,22.149999618530273,21.530000686645508,21.850000381469727,21.719999313354492,6764700.0,19.946727752685547
2013-01-25,21.829999923706055,21.56999969482422,21.780000686645508,21.760000228881836,5964100.0,19.983457565307617
2013-01-28,22.0,21.110000610351562,21.850000381469727,21.309999465942383,6578500.0,19.5701961517334
2013-01-29,24.030000686645508,22.15999984741211,22.239999771118164,23.81999969482422,22343400.0,21.875267028808594
2013-01-30,23.68000030517578,22.920000076293945,23.540000915527344,23.059999465942383,12700100.0,21.177326202392578
2013-01-31,23.670000076293945,22.860000610351562,23.030000686645508,23.65999984741211,9187600.0,21.72834014892578
2013-02-01,24.290000915527344,23.290000915527344,23.860000610351562,23.350000381469727,8195500.0,21.443649291992188
2013-02-04,23.389999389648438,22.809999465942383,23.149999618530273,22.860000610351562,4998500.0,20.9936466217041
2013-02-05,23.90999984741211,22.770000457763672,23.1299991607666,23.719999313354492,9453700.0,21.7834415435791
2013-02-06,23.940000534057617,23.3799991607666,23.559999465942383,23.440000534057617,4868400.0,21.52629852294922
2013-02-07,23.520000457763672,22.8700008392334,23.450000762939453,23.170000076293945,4585400.0,21.278339385986328
2013-02-08,23.350000381469727,22.8799991607666,23.209999084472656,23.079999923706055,2813600.0,21.19569206237793
2013-02-11,23.450000762939453,22.889999389648438,23.1200008392334,22.920000076293945,4342100.0,21.04875373840332
2013-02-12,24.65999984741211,23.040000915527344,23.049999237060547,24.049999237060547,10276200.0,22.08649253845215
2013-02-13,24.450000762939453,23.729999542236328,24.030000686645508,23.829999923706055,6267300.0,21.884456634521484
2013-02-14,23.979999542236328,23.719999313354492,23.780000686645508,23.780000686645508,3426200.0,21.838537216186523
2013-02-15,24.079999923706055,23.540000915527344,23.739999771118164,23.65999984741211,3932000.0,21.72834014892578
2013-02-19,24.100000381469727,22.950000762939453,23.760000228881836,23.290000915527344,6632600.0,21.388547897338867
2013-02-20,23.079999923706055,21.75,22.979999542236328,21.93000030517578,12674600.0,20.13958168029785
2013-02-21,22.420000076293945,21.530000686645508,22.0,22.170000076293945,8511600.0,20.359983444213867
2013-02-22,22.489999771118164,22.149999618530273,22.260000228881836,22.309999465942383,4018300.0,20.488555908203125
2013-02-25,22.579999923706055,21.350000381469727,22.440000534057617,21.3700008392334,6176900.0,19.62529754638672
2013-02-26,22.309999465942383,21.530000686645508,21.579999923706055,22.25,6184700.0,20.433452606201172
2013-02-27,22.770000457763672,22.110000610351562,22.25,22.649999618530273,4831300.0,20.80079460144043
2013-02-28,22.959999084472656,22.290000915527344,22.670000076293945,22.299999237060547,4501000.0,20.479368209838867
2013-03-01,22.700000762939453,21.75,22.139999389648438,22.510000228881836,6232100.0,20.672229766845703
2013-03-04,23.34000015258789,22.31999969482422,22.399999618530273,23.239999771118164,6478700.0,21.34263038635254
2013-03-05,23.989999771118164,23.290000915527344,23.309999465942383,23.799999237060547,6752500.0,21.856904983520508
2013-03-06,24.299999237060547,23.649999618530273,23.899999618530273,23.709999084472656,7251500.0,21.774255752563477
2013-03-07,23.8700008392334,23.360000610351562,23.700000762939453,23.81999969482422,5059200.0,21.875267028808594
2013-03-08,24.18000030517578,23.56999969482422,24.020000457763672,24.06999969482422,4097100.0,22.104860305786133
2013-03-11,24.239999771118164,23.8700008392334,24.06999969482422,23.959999084472656,4907100.0,22.003841400146484
2013-03-12,24.030000686645508,23.530000686645508,23.899999618530273,23.6299991607666,3851600.0,21.700786590576172
2013-03-13,24.190000534057617,23.420000076293945,23.610000610351562,24.020000457763672,5371100.0,22.058942794799805
2013-03-14,24.579999923706055,24.15999984741211,24.200000762939453,24.530000686645508,4225900.0,22.527311325073242
2013-03-15,24.760000228881836,24.299999237060547,24.420000076293945,24.34000015258789,6214500.0,22.352821350097656
2013-03-18,24.5,23.969999313354492,24.059999465942383,24.25,4693100.0,22.270166397094727
2013-03-19,24.719999313354492,24.1299991607666,24.479999542236328,24.309999465942383,4686800.0,22.32526969909668
2013-03-20,25.559999465942383,24.479999542236328,24.540000915527344,25.43000030517578,6456100.0,23.353824615478516
2013-03-21,25.34000015258789,24.450000762939453,25.34000015258789,24.8799991607666,9354900.0,22.84872817993164
2013-03-22,25.06999969482422,24.639999389648438,25.010000228881836,24.719999313354492,3711200.0,22.701793670654297
2013-03-25,25.219999313354492,24.329999923706055,24.790000915527344,24.479999542236328,4327100.0,22.48139190673828
2013-03-26,24.809999465942383,24.059999465942383,24.639999389648438,24.209999084472656,4405900.0,22.233430862426758
2013-03-27,24.420000076293945,23.899999618530273,24.09000015258789,24.389999389648438,3616900.0,22.39873695373535
2013-03-28,24.5,24.020000457763672,24.389999389648438,24.299999237060547,4061200.0,22.31608772277832
2013-04-01,24.40999984741211,23.739999771118164,24.31999969482422,23.850000381469727,3544200.0,21.9028263092041
2013-04-02,24.190000534057617,23.350000381469727,24.059999465942383,23.40999984741211,4529400.0,21.49874496459961
2013-04-03,23.56999969482422,22.100000381469727,23.450000762939453,22.84000015258789,8907400.0,20.97528839111328
2013-04-04,23.040000915527344,22.600000381469727,22.889999389648438,22.8799991607666,4508400.0,21.01201820373535
2013-04-05,23.1200008392334,22.15999984741211,22.43000030517578,23.079999923706055,6263300.0,21.19569206237793
2013-04-08,23.530000686645508,22.899999618530273,23.100000381469727,23.479999542236328,5831600.0,21.56302833557129
2013-04-09,23.6299991607666,23.149999618530273,23.510000228881836,23.270000457763672,4520500.0,21.370176315307617
2013-04-10,23.440000534057617,22.940000534057617,23.440000534057617,23.149999618530273,4528700.0,21.25997543334961
2013-04-11,23.59000015258789,23.030000686645508,23.030000686645508,23.329999923706055,3251300.0,21.425283432006836
2013-04-12,23.93000030517578,23.15999984741211,23.219999313354492,23.420000076293945,4622700.0,21.507930755615234
2013-04-15,23.219999313354492,21.850000381469727,23.209999084472656,21.899999618530273,6431500.0,20.11202621459961
2013-04-16,22.559999465942383,21.709999084472656,22.420000076293945,22.450000762939453,5696300.0,20.617130279541016
2013-04-17,22.229999542236328,21.639999389648438,22.200000762939453,22.139999389648438,5013900.0,20.332439422607422
2013-04-18,22.139999389648438,21.239999771118164,22.100000381469727,21.479999542236328,5308100.0,19.726318359375
2013-04-19,22.209999084472656,21.540000915527344,21.579999923706055,21.979999542236328,5142000.0,20.185503005981445
2013-04-22,22.459999084472656,21.469999313354492,22.010000228881836,22.360000610351562,4021600.0,20.534473419189453
2013-04-23,23.969999313354492,22.84000015258789,22.84000015258789,23.549999237060547,7458900.0,21.62731170654297
2013-04-24,24.110000610351562,23.479999542236328,23.59000015258789,24.020000457763672,6468100.0,22.058942794799805
2013-04-25,24.790000915527344,24.010000228881836,24.209999084472656,24.530000686645508,7239300.0,22.527311325073242
2013-04-26,26.920000076293945,25.600000381469727,25.829999923706055,26.65999984741211,15525700.0,24.48340606689453
2013-04-29,27.31999969482422,26.469999313354492,26.610000610351562,26.520000457763672,9981100.0,24.354841232299805
2013-04-30,26.489999771118164,25.520000457763672,26.219999313354492,26.079999923706055,8695200.0,23.950761795043945
2013-05-01,26.040000915527344,25.389999389648438,25.969999313354492,25.579999923706055,5938500.0,23.4915828704834
2013-05-02,26.530000686645508,25.639999389648438,25.829999923706055,26.420000076293945,6285200.0,24.263004302978516
2013-05-03,27.020000457763672,26.239999771118164,26.780000686645508,26.450000762939453,4759300.0,24.290555953979492
2013-05-06,26.639999389648438,26.15999984741211,26.459999084472656,26.489999771118164,4318500.0,24.327287673950195
2013-05-07,26.84000015258789,26.40999984741211,26.68000030517578,26.75,4103800.0,24.56606101989746
2013-05-08,26.979999542236328,26.40999984741211,26.649999618530273,26.959999084472656,4428300.0,24.758913040161133
2013-05-09,27.309999465942383,26.780000686645508,26.860000610351562,26.81999969482422,5126200.0,24.63034439086914
2013-05-10,27.15999984741211,26.850000381469727,26.8700008392334,27.149999618530273,2982700.0,24.93340301513672
2013-05-13,27.389999389648438,26.969999313354492,27.06999969482422,27.350000381469727,3464700.0,25.117076873779297
2013-05-14,27.610000610351562,27.229999542236328,27.3700008392334,27.600000381469727,4003000.0,25.346664428710938
2013-05-15,27.75,27.200000762939453,27.489999771118164,27.43000030517578,5243300.0,25.19054412841797
2013-05-16,27.559999465942383,26.5,27.280000686645508,26.799999237060547,5260200.0,24.61197853088379
2013-05-17,27.350000381469727,26.8799991607666,26.950000762939453,27.229999542236328,8275000.0,25.006879806518555
2013-05-20,27.610000610351562,26.709999084472656,27.200000762939453,26.739999771118164,4060300.0,24.55687713623047
2013-05-21,26.989999771118164,25.90999984741211,26.81999969482422,26.309999465942383,5461100.0,24.1619873046875
2013-05-22,27.170000076293945,25.90999984741211,26.520000457763672,26.1200008392334,5875000.0,23.98750114440918
2013-05-23,26.43000030517578,25.459999084472656,25.700000762939453,26.010000228881836,8163800.0,23.886474609375
2013-05-24,25.8799991607666,25.329999923706055,25.8799991607666,25.75,4469400.0,23.647705078125
2013-05-28,26.530000686645508,25.479999542236328,26.1299991607666,25.690000534057617,5827800.0,23.592601776123047
2013-05-29,25.520000457763672,24.309999465942383,25.459999084472656,24.520000457763672,8307000.0,22.518125534057617
2013-05-30,25.049999237060547,24.31999969482422,24.6299991607666,24.739999771118164,5493200.0,22.72015953063965
2013-05-31,24.93000030517578,24.34000015258789,24.579999923706055,24.360000610351562,4208300.0,22.37118911743164
2013-06-03,24.530000686645508,23.139999389648438,24.399999618530273,23.780000686645508,7299100.0,21.838537216186523
2013-06-04,24.059999465942383,22.829999923706055,23.709999084472656,22.920000076293945,8000600.0,21.04875373840332
2013-06-05,22.969999313354492,22.09000015258789,22.75,22.649999618530273,10791900.0,20.80079460144043
2013-06-06,23.40999984741211,22.1299991607666,22.549999237060547,23.270000457763672,10558100.0,21.370176315307617
2013-06-07,24.200000762939453,23.139999389648438,23.540000915527344,23.559999465942383,8923900.0,21.63650131225586
2013-06-10,23.700000762939453,22.610000610351562,23.700000762939453,23.059999465942383,6016100.0,21.177326202392578
2013-06-11,23.020000457763672,22.170000076293945,22.690000534057617,22.31999969482422,6952500.0,20.497739791870117
2013-06-12,22.860000610351562,22.290000915527344,22.65999984741211,22.489999771118164,5985100.0,20.653860092163086
2013-06-13,23.729999542236328,22.450000762939453,22.450000762939453,23.65999984741211,7234000.0,21.72834014892578
2013-06-14,24.149999618530273,23.6200008392334,23.6200008392334,23.889999389648438,7673300.0,21.93955421447754
2013-06-17,24.649999618530273,23.979999542236328,24.100000381469727,24.260000228881836,6115700.0,22.279356002807617
2013-06-18,24.549999237060547,23.8799991607666,24.239999771118164,24.3799991607666,3677500.0,22.389551162719727
2013-06-19,24.440000534057617,23.389999389648438,24.440000534057617,23.440000534057617,5123100.0,21.52629852294922
2013-06-20,23.09000015258789,21.059999465942383,23.09000015258789,21.309999465942383,17923600.0,19.5701961517334
2013-06-21,21.649999618530273,19.940000534057617,21.520000457763672,21.100000381469727,16532300.0,19.377338409423828
2013-06-24,21.229999542236328,20.020000457763672,20.5,20.920000076293945,12263600.0,19.2120418548584
2013-06-25,21.75,20.8700008392334,21.709999084472656,20.90999984741211,10991000.0,19.202852249145508
2013-06-26,21.219999313354492,20.530000686645508,21.049999237060547,20.920000076293945,8803800.0,19.2120418548584
2013-06-27,21.770000457763672,20.829999923706055,21.079999923706055,21.709999084472656,9363200.0,19.93754005432129
2013-06-28,21.729999542236328,21.280000686645508,21.59000015258789,21.280000686645508,7291900.0,19.542646408081055
2013-07-01,21.709999084472656,20.979999542236328,21.3799991607666,21.049999237060547,6231100.0,19.3314266204834
2013-07-02,21.25,20.770000457763672,21.1200008392334,20.860000610351562,7161400.0,19.156936645507812
2013-07-03,21.1200008392334,20.719999313354492,20.770000457763672,20.959999084472656,2599900.0,19.248767852783203
2013-07-05,21.06999969482422,19.889999389648438,21.030000686645508,20.280000686645508,6154400.0,18.624292373657227
2013-07-08,20.479999542236328,19.690000534057617,20.360000610351562,19.729999542236328,7582000.0,18.119190216064453
2013-07-09,21.3700008392334,19.920000076293945,19.920000076293945,21.219999313354492,12644900.0,19.4875431060791
2013-07-10,21.350000381469727,20.84000015258789,21.25,21.049999237060547,5695500.0,19.3314266204834
2013-07-11,23.010000228881836,21.920000076293945,21.920000076293945,22.979999542236328,11785100.0,21.10385513305664
2013-07-12,23.200000762939453,22.610000610351562,22.959999084472656,22.760000228881836,4959000.0,20.90181541442871
2013-07-15,22.81999969482422,21.649999618530273,22.739999771118164,21.719999313354492,6815300.0,19.946727752685547
2013-07-16,22.280000686645508,21.25,21.770000457763672,21.700000762939453,7968200.0,19.92835807800293
2013-07-17,22.25,21.200000762939453,21.649999618530273,22.190000534057617,9131500.0,20.378353118896484
2013-07-18,22.3799991607666,21.65999984741211,22.280000686645508,21.670000076293945,4976500.0,19.90080451965332
2013-07-19,22.200000762939453,21.56999969482422,21.639999389648438,22.06999969482422,4929300.0,20.26814842224121
2013-07-22,22.34000015258789,21.489999771118164,22.270000457763672,21.579999923706055,4842400.0,19.81815528869629
2013-07-23,21.940000534057617,21.3799991607666,21.56999969482422,21.799999237060547,4671500.0,20.020193099975586
2013-07-24,22.239999771118164,21.079999923706055,22.139999389648438,21.200000762939453,7810600.0,19.469181060791016
2013-07-25,20.389999389648438,19.1299991607666,20.350000381469727,19.3799991607666,22962800.0,17.797767639160156
2013-07-26,19.899999618530273,19.209999084472656,19.399999618530273,19.329999923706055,10621400.0,17.751850128173828
2013-07-29,20.059999465942383,19.3799991607666,19.479999542236328,19.670000076293945,10822400.0,18.0640926361084
2013-07-30,19.84000015258789,19.479999542236328,19.520000457763672,19.75,7157200.0,18.137561798095703
2013-07-31,20.450000762939453,19.610000610351562,19.700000762939453,20.100000381469727,9662300.0,18.458986282348633
2013-08-01,20.760000228881836,19.93000030517578,20.360000610351562,20.110000610351562,7385900.0,18.468172073364258
2013-08-02,20.65999984741211,20.15999984741211,20.200000762939453,20.3799991607666,4600900.0,18.716129302978516
2013-08-05,20.329999923706055,19.739999771118164,20.299999237060547,19.969999313354492,5916100.0,18.339597702026367
2013-08-06,20.0,19.43000030517578,19.979999542236328,19.600000381469727,4369500.0,17.999807357788086
2013-08-07,19.540000915527344,18.81999969482422,19.5,18.979999542236328,7994500.0,17.4304256439209
2013-08-08,19.219999313354492,18.860000610351562,19.18000030517578,18.90999984741211,5454300.0,17.366140365600586
2013-08-09,19.059999465942383,18.579999923706055,18.889999389648438,18.889999389648438,5999600.0,17.34777069091797
2013-08-12,19.270000457763672,18.670000076293945,18.809999465942383,18.81999969482422,6200100.0,17.283489227294922
2013-08-13,18.90999984741211,18.190000534057617,18.850000381469727,18.540000915527344,7386900.0,17.02634620666504
2013-08-14,18.5,17.90999984741211,18.5,18.09000015258789,9419500.0,16.613082885742188
2013-08-15,19.360000610351562,17.59000015258789,17.81999969482422,19.1200008392334,16214700.0,17.558998107910156
2013-08-16,19.8700008392334,18.729999542236328,19.229999542236328,19.0,13307700.0,17.448795318603516
2013-08-19,19.290000915527344,18.209999084472656,18.969999313354492,18.299999237060547,8805200.0,16.805938720703125
2013-08-20,19.020000457763672,18.329999923706055,18.399999618530273,18.90999984741211,6073800.0,17.366140365600586
2013-08-21,19.209999084472656,18.729999542236328,18.8799991607666,18.850000381469727,7442400.0,17.3110408782959
2013-08-22,19.440000534057617,18.860000610351562,18.969999313354492,19.280000686645508,3760700.0,17.705934524536133
2013-08-23,19.389999389648438,18.469999313354492,19.389999389648438,18.729999542236328,7194900.0,17.200838088989258
2013-08-26,19.030000686645508,18.479999542236328,18.690000534057617,18.690000534057617,6831700.0,17.164100646972656
2013-08-27,18.420000076293945,17.889999389648438,18.290000915527344,17.989999771118164,11456900.0,16.52124786376953
2013-08-28,17.940000534057617,17.56999969482422,17.899999618530273,17.770000457763672,9461800.0,16.319211959838867
2013-08-29,18.530000686645508,17.729999542236328,17.809999465942383,18.399999618530273,8412900.0,16.89777946472168
2013-08-30,18.31999969482422,17.770000457763672,18.31999969482422,17.850000381469727,5478600.0,16.392684936523438
2013-09-03,18.1200008392334,17.729999542236328,17.90999984741211,17.799999237060547,6962500.0,16.346765518188477
2013-09-04,18.040000915527344,17.75,17.799999237060547,17.829999923706055,5929800.0,16.374313354492188
2013-09-05,17.860000610351562,17.520000457763672,17.81999969482422,17.770000457763672,5901300.0,16.319211959838867
2013-09-06,18.510000228881836,17.8700008392334,18.110000610351562,18.100000381469727,7702200.0,16.622272491455078
2013-09-09,19.34000015258789,18.190000534057617,18.190000534057617,19.280000686645508,10615600.0,17.705934524536133
2013-09-10,19.3700008392334,18.84000015258789,19.200000762939453,18.889999389648438,7595900.0,17.34777069091797
2013-09-11,19.700000762939453,18.8799991607666,18.889999389648438,19.5,7077500.0,17.90796661376953
2013-09-12,20.06999969482422,19.299999237060547,19.479999542236328,19.360000610351562,6758900.0,17.779401779174805
2013-09-13,19.43000030517578,18.8799991607666,19.309999465942383,19.139999389648438,5183800.0,17.57735824584961
2013-09-16,20.239999771118164,19.610000610351562,19.739999771118164,19.84000015258789,9905600.0,18.220205307006836
2013-09-17,20.190000534057617,19.75,19.770000457763672,19.950000762939453,5018700.0,18.32123565673828
2013-09-18,21.399999618530273,19.68000030517578,19.899999618530273,21.329999923706055,13832400.0,19.588563919067383
2013-09-19,21.600000381469727,20.790000915527344,21.450000762939453,21.010000228881836,8474700.0,19.294687271118164
2013-09-20,21.09000015258789,20.030000686645508,21.059999465942383,20.200000762939453,10105700.0,18.550825119018555
2013-09-23,20.280000686645508,19.59000015258789,20.18000030517578,19.809999465942383,7440200.0,18.192663192749023
2013-09-24,20.610000610351562,19.670000076293945,19.860000610351562,20.059999465942383,8563600.0,18.422250747680664
2013-09-25,20.530000686645508,19.809999465942383,20.110000610351562,20.15999984741211,4707800.0,18.51408576965332
2013-09-26,20.260000228881836,19.829999923706055,20.15999984741211,19.989999771118164,4249800.0,18.35796546936035
2013-09-27,20.020000457763672,19.56999969482422,19.81999969482422,19.6299991607666,4529600.0,18.02735137939453
2013-09-30,19.600000381469727,19.100000381469727,19.280000686645508,19.43000030517578,7702300.0,17.84368324279785
2013-10-01,19.559999465942383,19.209999084472656,19.469999313354492,19.3799991607666,7516700.0,17.797767639160156
2013-10-02,19.700000762939453,19.110000610351562,19.200000762939453,19.540000915527344,7228100.0,17.9447021484375
2013-10-03,19.690000534057617,18.979999542236328,19.489999771118164,19.06999969482422,8795300.0,17.51307487487793
2013-10-04,19.149999618530273,18.280000686645508,19.079999923706055,18.540000915527344,8108300.0,17.02634620666504
2013-10-07,18.84000015258789,18.25,18.260000228881836,18.5,6564000.0,16.989612579345703
2013-10-08,18.75,17.950000762939453,18.540000915527344,17.989999771118164,5988200.0,16.52124786376953
2013-10-09,18.25,17.65999984741211,18.030000686645508,17.93000030517578,10650100.0,16.466148376464844
2013-10-10,18.610000610351562,18.09000015258789,18.25,18.290000915527344,6603500.0,16.7967529296875
2013-10-11,18.809999465942383,18.290000915527344,18.299999237060547,18.649999618530273,4495700.0,17.12736701965332
2013-10-14,18.489999771118164,17.969999313354492,18.299999237060547,18.25,6561400.0,16.76002311706543
2013-10-15,18.239999771118164,17.649999618530273,18.209999084472656,17.690000534057617,10394300.0,16.245744705200195
2013-10-16,18.309999465942383,17.600000381469727,17.889999389648438,18.049999237060547,11696600.0,16.57635498046875
2013-10-17,19.25,17.969999313354492,17.989999771118164,19.139999389648438,12642700.0,17.57735824584961
2013-10-18,19.280000686645508,18.899999618530273,19.229999542236328,19.020000457763672,5978300.0,17.46715545654297
2013-10-21,19.25,18.309999465942383,19.15999984741211,18.670000076293945,5181900.0,17.145734786987305
2013-10-22,19.34000015258789,18.770000457763672,18.829999923706055,19.229999542236328,6641200.0,17.660009384155273
2013-10-23,19.969999313354492,19.139999389648438,19.170000076293945,19.469999313354492,7991400.0,17.880416870117188
2013-10-24,20.229999542236328,19.56999969482422,19.56999969482422,19.8700008392334,6940100.0,18.247764587402344
2013-10-25,19.979999542236328,19.600000381469727,19.93000030517578,19.770000457763672,5116000.0,18.155925750732422
2013-10-28,20.0,19.489999771118164,19.790000915527344,19.65999984741211,4904100.0,18.054906845092773
2013-10-29,19.989999771118164,19.510000228881836,19.729999542236328,19.969999313354492,4777500.0,18.339597702026367
2013-10-30,19.969999313354492,19.360000610351562,19.959999084472656,19.520000457763672,4760200.0,17.926334381103516
2013-10-31,19.530000686645508,18.940000534057617,19.530000686645508,18.950000762939453,6530100.0,17.402877807617188
2013-11-01,19.049999237060547,18.18000030517578,18.989999771118164,18.510000228881836,8982800.0,16.998794555664062
2013-11-04,19.280000686645508,18.59000015258789,18.6299991607666,18.81999969482422,6850300.0,17.283489227294922
2013-11-05,18.93000030517578,18.139999389648438,18.719999313354492,18.40999984741211,8004900.0,16.906959533691406
2013-11-06,18.770000457763672,18.260000228881836,18.459999084472656,18.729999542236328,10499500.0,17.200838088989258
2013-11-07,19.239999771118164,18.440000534057617,18.920000076293945,18.549999237060547,8049100.0,17.03553009033203
2013-11-08,18.350000381469727,17.860000610351562,18.329999923706055,18.139999389648438,20501200.0,16.65900421142578
2013-11-11,18.209999084472656,17.670000076293945,18.15999984741211,18.059999465942383,10780700.0,16.58553695678711
2013-11-12,19.270000457763672,18.1200008392334,18.420000076293945,18.90999984741211,19239200.0,17.366140365600586
2013-11-13,19.18000030517578,18.56999969482422,18.739999771118164,19.049999237060547,9686600.0,17.494712829589844
2013-11-14,19.899999618530273,18.90999984741211,19.079999923706055,19.59000015258789,10835900.0,17.990623474121094
2013-11-15,19.969999313354492,19.530000686645508,19.6200008392334,19.59000015258789,7204800.0,17.990623474121094
2013-11-18,19.770000457763672,19.15999984741211,19.600000381469727,19.299999237060547,7776300.0,17.724302291870117
2013-11-19,19.399999618530273,19.040000915527344,19.229999542236328,19.290000915527344,4737800.0,17.71511459350586
2013-11-20,19.719999313354492,18.969999313354492,19.649999618530273,19.059999465942383,8087000.0,17.50389289855957
2013-11-21,19.510000228881836,18.700000762939453,19.1299991607666,19.440000534057617,8783100.0,17.852867126464844
2013-11-22,19.68000030517578,18.950000762939453,19.479999542236328,19.049999237060547,8926900.0,17.494712829589844
2013-11-25,19.15999984741211,18.65999984741211,19.049999237060547,19.049999237060547,6835700.0,17.494712829589844
2013-11-26,19.950000762939453,19.139999389648438,19.149999618530273,19.93000030517578,10872000.0,18.302867889404297
2013-11-27,20.43000030517578,19.950000762939453,19.979999542236328,20.059999465942383,8665500.0,18.422250747680664
2013-11-29,20.100000381469727,19.6299991607666,20.049999237060547,19.8799991607666,3141900.0,18.256938934326172
2013-12-02,19.81999969482422,19.290000915527344,19.81999969482422,19.329999923706055,5209700.0,17.751850128173828
2013-12-03,19.530000686645508,19.010000228881836,19.239999771118164,19.1299991607666,5580700.0,17.56818199157715
2013-12-04,19.329999923706055,18.739999771118164,18.920000076293945,19.079999923706055,7900600.0,17.522260665893555
2013-12-05,19.100000381469727,18.719999313354492,18.940000534057617,18.790000915527344,6756800.0,17.255937576293945
2013-12-06,19.34000015258789,18.940000534057617,19.1200008392334,19.079999923706055,4490200.0,17.522260665893555
2013-12-09,19.850000381469727,19.09000015258789,19.100000381469727,19.450000762939453,7182900.0,17.862051010131836
2013-12-10,20.139999389648438,19.469999313354492,19.6200008392334,19.530000686645508,6771200.0,17.935523986816406
2013-12-11,19.510000228881836,18.899999618530273,19.489999771118164,19.010000228881836,7462000.0,17.457971572875977
2013-12-12,19.18000030517578,18.829999923706055,18.93000030517578,18.989999771118164,5193500.0,17.439611434936523
2013-12-13,19.200000762939453,18.889999389648438,19.059999465942383,18.959999084472656,3759900.0,17.550683975219727
2013-12-16,19.469999313354492,19.0,19.049999237060547,19.149999618530273,3902900.0,17.726566314697266
2013-12-17,19.110000610351562,18.68000030517578,18.959999084472656,18.90999984741211,6291600.0,17.50440788269043
2013-12-18,20.299999237060547,19.06999969482422,19.350000381469727,20.110000610351562,15790400.0,18.615209579467773
2013-12-19,20.25,19.93000030517578,19.93000030517578,20.15999984741211,7487800.0,18.661489486694336
2013-12-20,20.6299991607666,20.110000610351562,20.110000610351562,20.579999923706055,8179100.0,19.050275802612305
2013-12-23,21.299999237060547,20.729999542236328,20.729999542236328,21.1299991607666,8671300.0,19.55938720703125
2013-12-24,21.579999923706055,20.770000457763672,21.049999237060547,21.290000915527344,3768200.0,19.70749855041504
2013-12-26,21.729999542236328,21.31999969482422,21.329999923706055,21.3700008392334,5170100.0,19.78155517578125
2013-12-27,21.729999542236328,21.3799991607666,21.549999237060547,21.670000076293945,4570400.0,20.059253692626953
2013-12-30,22.0,21.360000610351562,21.670000076293945,21.93000030517578,5684000.0,20.299924850463867
2013-12-31,22.350000381469727,21.940000534057617,22.020000457763672,22.31999969482422,6111300.0,20.66093635559082
2014-01-02,22.040000915527344,21.639999389648438,21.809999465942383,21.829999923706055,6127200.0,20.207359313964844
2014-01-03,22.18000030517578,21.729999542236328,21.950000762939453,21.75,3724900.0,20.13330078125
2014-01-06,21.93000030517578,21.170000076293945,21.920000076293945,21.270000457763672,6655500.0,19.688987731933594
2014-01-07,21.530000686645508,21.200000762939453,21.479999542236328,21.34000015258789,4804900.0,19.753782272338867
2014-01-08,21.75,21.149999618530273,21.260000228881836,21.579999923706055,5760100.0,19.97594451904297
2014-01-09,22.0,21.579999923706055,21.860000610351562,21.75,4988400.0,20.13330078125
2014-01-10,22.559999465942383,21.75,21.8700008392334,22.149999618530273,7838900.0,20.503570556640625
2014-01-13,22.139999389648438,21.420000076293945,21.969999313354492,21.549999237060547,6764200.0,19.948171615600586
2014-01-14,21.729999542236328,21.31999969482422,21.559999465942383,21.59000015258789,4574600.0,19.985197067260742
2014-01-15,21.709999084472656,21.31999969482422,21.579999923706055,21.59000015258789,5063900.0,19.985197067260742
2014-01-16,21.969999313354492,21.229999542236328,21.530000686645508,21.920000076293945,5325100.0,20.29067039489746
2014-01-17,21.860000610351562,21.56999969482422,21.829999923706055,21.59000015258789,5221200.0,19.985197067260742
2014-01-21,21.799999237060547,21.31999969482422,21.65999984741211,21.479999542236328,3649600.0,19.883377075195312
2014-01-22,22.079999923706055,21.31999969482422,21.440000534057617,21.969999313354492,5227000.0,20.336950302124023
2014-01-23,22.040000915527344,21.700000762939453,21.790000915527344,21.959999084472656,5503500.0,20.327693939208984
2014-01-24,21.790000915527344,20.799999237060547,21.540000915527344,20.8799991607666,9587100.0,19.327974319458008
2014-01-27,21.479999542236328,20.200000762939453,21.010000228881836,20.940000534057617,10671600.0,19.383514404296875
2014-01-28,23.200000762939453,21.950000762939453,22.260000228881836,23.0,19823800.0,21.29039192199707
2014-01-29,23.280000686645508,22.34000015258789,22.59000015258789,23.110000610351562,11727500.0,21.39221954345703
2014-01-30,23.59000015258789,22.639999389648438,23.309999465942383,22.8799991607666,7737200.0,21.17931365966797
2014-01-31,24.0,22.479999542236328,22.600000381469727,23.479999542236328,11306600.0,21.734710693359375
2014-02-03,23.6200008392334,22.540000915527344,23.489999771118164,22.8799991607666,8989100.0,21.17931365966797
2014-02-04,23.290000915527344,22.790000915527344,23.0,23.06999969482422,6721200.0,21.355186462402344
2014-02-05,23.1299991607666,22.600000381469727,22.90999984741211,22.690000534057617,6892800.0,21.03763198852539
2014-02-06,23.8799991607666,22.93000030517578,22.940000534057617,23.56999969482422,12389200.0,21.853546142578125
2014-02-07,23.950000762939453,23.489999771118164,23.75,23.889999389648438,7465400.0,22.150239944458008
2014-02-10,24.170000076293945,23.290000915527344,23.889999389648438,23.549999237060547,8163400.0,21.834997177124023
2014-02-11,23.59000015258789,23.110000610351562,23.479999542236328,23.329999923706055,6587900.0,21.631017684936523
2014-02-12,23.600000381469727,23.139999389648438,23.440000534057617,23.229999542236328,7585500.0,21.538307189941406
2014-02-13,23.34000015258789,22.850000381469727,23.1299991607666,23.239999771118164,5622100.0,21.547578811645508
2014-02-14,23.65999984741211,23.09000015258789,23.239999771118164,23.6200008392334,4936800.0,21.899906158447266
2014-02-18,23.729999542236328,22.780000686645508,23.639999389648438,23.309999465942383,6194600.0,21.61248016357422
2014-02-19,23.579999923706055,22.959999084472656,23.09000015258789,23.15999984741211,4885000.0,21.47340202331543
2014-02-20,23.459999084472656,22.950000762939453,23.149999618530273,23.329999923706055,5310800.0,21.631017684936523
2014-02-21,23.950000762939453,23.350000381469727,23.420000076293945,23.649999618530273,5139000.0,21.927717208862305
2014-02-24,23.920000076293945,23.540000915527344,23.719999313354492,23.709999084472656,5066600.0,21.983348846435547
2014-02-25,24.239999771118164,23.5,23.729999542236328,24.139999389648438,5593100.0,22.382034301757812
2014-02-26,25.059999465942383,23.81999969482422,24.1200008392334,24.850000381469727,14335800.0,23.04033088684082
2014-02-27,25.020000457763672,24.639999389648438,24.81999969482422,24.8700008392334,6737200.0,23.058879852294922
2014-02-28,24.950000762939453,24.309999465942383,24.850000381469727,24.559999465942383,7815500.0,22.771448135375977
2014-03-03,24.450000762939453,23.790000915527344,23.790000915527344,24.290000915527344,4860900.0,22.521114349365234
2014-03-04,24.739999771118164,24.079999923706055,24.56999969482422,24.329999923706055,6204400.0,22.558204650878906
2014-03-05,24.329999923706055,23.93000030517578,24.25,23.959999084472656,7936800.0,22.21514129638672
2014-03-06,24.1200008392334,23.690000534057617,24.0,23.860000610351562,4005200.0,22.12242317199707
2014-03-07,24.030000686645508,23.360000610351562,24.010000228881836,23.469999313354492,6456200.0,21.760828018188477
2014-03-10,23.420000076293945,22.760000228881836,23.079999923706055,22.770000457763672,7887100.0,21.11180305480957
2014-03-11,23.260000228881836,22.34000015258789,22.84000015258789,22.6200008392334,8962100.0,20.97273063659668
2014-03-12,22.700000762939453,22.25,22.40999984741211,22.649999618530273,6640600.0,21.000545501708984
2014-03-13,22.829999923706055,21.920000076293945,22.780000686645508,22.15999984741211,5725700.0,20.546226501464844
2014-03-14,22.3700008392334,21.8799991607666,22.100000381469727,22.040000915527344,5928800.0,20.434967041015625
2014-03-17,22.290000915527344,21.75,22.079999923706055,22.049999237060547,4891300.0,20.44424057006836
2014-03-18,22.540000915527344,22.059999465942383,22.1299991607666,22.450000762939453,5467500.0,20.815109252929688
2014-03-19,23.690000534057617,22.299999237060547,23.5,22.489999771118164,7574500.0,20.85219955444336
2014-03-20,22.610000610351562,21.719999313354492,22.479999542236328,21.8700008392334,7860100.0,20.277347564697266
2014-03-21,22.18000030517578,21.280000686645508,22.079999923706055,21.420000076293945,10678600.0,19.860122680664062
2014-03-24,21.579999923706055,20.969999313354492,21.489999771118164,21.260000228881836,7463500.0,19.71177101135254
2014-03-25,21.649999618530273,21.290000915527344,21.43000030517578,21.450000762939453,7556300.0,19.8879337310791
2014-03-26,21.709999084472656,21.1299991607666,21.559999465942383,21.149999618530273,6520300.0,19.609779357910156
2014-03-27,21.579999923706055,20.950000762939453,21.1299991607666,21.239999771118164,6320900.0,19.693225860595703
2014-03-28,21.860000610351562,21.280000686645508,21.3700008392334,21.670000076293945,6673300.0,20.0919132232666
2014-03-31,21.989999771118164,21.549999237060547,21.770000457763672,21.649999618530273,8506500.0,20.073366165161133
2014-04-01,22.299999237060547,21.670000076293945,21.719999313354492,22.1299991607666,4505000.0,20.51841163635254
2014-04-02,22.360000610351562,21.81999969482422,22.15999984741211,22.25,3460500.0,20.62966537475586
2014-04-03,22.479999542236328,21.93000030517578,22.260000228881836,22.43000030517578,4122300.0,20.79656219482422
2014-04-04,23.100000381469727,22.139999389648438,22.520000457763672,22.309999465942383,8748700.0,20.6852970123291
2014-04-07,22.200000762939453,21.5,22.100000381469727,21.770000457763672,8328700.0,20.18463134765625
2014-04-08,21.969999313354492,21.459999084472656,21.690000534057617,21.84000015258789,4565200.0,20.249528884887695
2014-04-09,22.209999084472656,21.479999542236328,21.889999389648438,21.940000534057617,4342700.0,20.342248916625977
2014-04-10,22.350000381469727,21.770000457763672,21.920000076293945,21.790000915527344,5891700.0,20.203168869018555
2014-04-11,21.850000381469727,21.420000076293945,21.559999465942383,21.610000610351562,5704500.0,20.036279678344727
2014-04-14,22.1299991607666,21.530000686645508,21.729999542236328,21.760000228881836,5369700.0,20.17535400390625
2014-04-15,22.110000610351562,21.270000457763672,21.790000915527344,21.68000030517578,4850300.0,20.101184844970703
2014-04-16,21.979999542236328,21.5,21.81999969482422,21.860000610351562,3457400.0,20.268077850341797
2014-04-17,21.860000610351562,21.350000381469727,21.850000381469727,21.5,4370900.0,19.93429183959961
2014-04-21,21.6200008392334,21.239999771118164,21.530000686645508,21.579999923706055,4684400.0,20.008460998535156
2014-04-22,22.049999237060547,21.600000381469727,21.959999084472656,21.84000015258789,8233500.0,20.249528884887695
2014-04-23,21.729999542236328,21.059999465942383,21.719999313354492,21.350000381469727,12924900.0,19.795211791992188
2014-04-24,23.350000381469727,22.25,22.420000076293945,23.1299991607666,15567100.0,21.44559097290039
2014-04-25,23.200000762939453,22.440000534057617,23.170000076293945,22.489999771118164,9927900.0,20.85219955444336
2014-04-28,23.239999771118164,22.360000610351562,22.600000381469727,22.540000915527344,7334600.0,20.898555755615234
2014-04-29,22.520000457763672,22.170000076293945,22.520000457763672,22.3799991607666,5002000.0,20.75020408630371
2014-04-30,22.549999237060547,22.049999237060547,22.280000686645508,22.280000686645508,4045900.0,20.657489776611328
2014-05-01,23.1200008392334,22.239999771118164,22.350000381469727,22.829999923706055,5922600.0,21.167436599731445
2014-05-02,23.549999237060547,22.700000762939453,22.81999969482422,23.1200008392334,5772600.0,21.436315536499023
2014-05-05,23.239999771118164,22.799999237060547,23.1299991607666,22.979999542236328,5370800.0,21.30651092529297
2014-05-06,22.959999084472656,22.170000076293945,22.889999389648438,22.43000030517578,10899400.0,20.79656219482422
2014-05-07,22.549999237060547,22.1299991607666,22.489999771118164,22.420000076293945,7108600.0,20.787296295166016
2014-05-08,22.760000228881836,22.09000015258789,22.450000762939453,22.229999542236328,4900100.0,20.61113166809082
2014-05-09,22.43000030517578,21.940000534057617,22.170000076293945,22.010000228881836,6494900.0,20.407148361206055
2014-05-12,22.700000762939453,22.139999389648438,22.18000030517578,22.6200008392334,7010500.0,20.97273063659668
2014-05-13,23.280000686645508,22.56999969482422,22.600000381469727,23.06999969482422,9417800.0,21.42548179626465
2014-05-14,23.020000457763672,22.100000381469727,23.010000228881836,22.1200008392334,8802500.0,20.543195724487305
2014-05-15,22.360000610351562,21.469999313354492,22.06999969482422,22.25,7068900.0,20.663923263549805
2014-05-16,22.709999084472656,22.0,22.6299991607666,22.190000534057617,4717200.0,20.608205795288086
2014-05-19,22.079999923706055,21.739999771118164,22.079999923706055,21.959999084472656,3385600.0,20.39459800720215
2014-05-20,22.030000686645508,21.670000076293945,21.860000610351562,21.920000076293945,5002400.0,20.357458114624023
2014-05-21,22.200000762939453,21.799999237060547,21.93000030517578,22.1200008392334,4388800.0,20.543195724487305
2014-05-22,22.799999237060547,22.09000015258789,22.170000076293945,22.649999618530273,6300200.0,21.035419464111328
2014-05-23,23.579999923706055,22.6200008392334,22.670000076293945,23.56999969482422,8353300.0,21.88983726501465
2014-05-27,23.780000686645508,23.09000015258789,23.75,23.1299991607666,6009000.0,21.481203079223633
2014-05-28,23.719999313354492,23.1299991607666,23.450000762939453,23.329999923706055,5696500.0,21.66693878173828
2014-05-29,24.049999237060547,23.450000762939453,23.68000030517578,23.8799991607666,6980300.0,22.1777400970459
2014-05-30,23.989999771118164,23.56999969482422,23.829999923706055,23.68000030517578,3635500.0,21.991994857788086
2014-06-02,23.8799991607666,23.59000015258789,23.690000534057617,23.739999771118164,2774500.0,22.047714233398438
2014-06-03,23.889999389648438,23.540000915527344,23.610000610351562,23.739999771118164,2431700.0,22.047714233398438
2014-06-04,23.799999237060547,23.389999389648438,23.6299991607666,23.690000534057617,2565300.0,22.00128173828125
2014-06-05,24.190000534057617,23.579999923706055,23.68000030517578,24.0,4100500.0,22.289182662963867
2014-06-06,24.5,24.079999923706055,24.110000610351562,24.420000076293945,3616400.0,22.67924690246582
2014-06-09,24.829999923706055,24.3799991607666,24.43000030517578,24.610000610351562,4619300.0,22.855701446533203
2014-06-10,24.65999984741211,24.329999923706055,24.510000228881836,24.389999389648438,3012000.0,22.651376724243164
2014-06-11,24.350000381469727,23.84000015258789,24.299999237060547,23.969999313354492,5149100.0,22.261323928833008
2014-06-12,24.040000915527344,23.450000762939453,23.90999984741211,23.520000457763672,4782900.0,21.843402862548828
2014-06-13,23.600000381469727,23.329999923706055,23.600000381469727,23.440000534057617,4507100.0,21.769102096557617
2014-06-16,23.739999771118164,23.280000686645508,23.450000762939453,23.709999084472656,3433500.0,22.019855499267578
2014-06-17,23.649999618530273,23.100000381469727,23.579999923706055,23.479999542236328,4596900.0,21.806249618530273
2014-06-18,23.540000915527344,22.8700008392334,23.530000686645508,23.440000534057617,5502500.0,21.769102096557617
2014-06-19,23.799999237060547,23.360000610351562,23.479999542236328,23.420000076293945,3364300.0,21.75052833557129
2014-06-20,23.56999969482422,23.149999618530273,23.469999313354492,23.56999969482422,5585700.0,21.88983726501465
2014-06-23,24.0,23.450000762939453,23.450000762939453,23.600000381469727,4665900.0,21.917699813842773
2014-06-24,24.489999771118164,23.5,23.510000228881836,23.889999389648438,7249200.0,22.18702507019043
2014-06-25,24.1200008392334,23.65999984741211,23.860000610351562,24.059999465942383,2836400.0,22.344907760620117
2014-06-26,24.1299991607666,23.6299991607666,24.040000915527344,23.8799991607666,3941400.0,22.1777400970459
2014-06-27,24.030000686645508,23.360000610351562,23.850000381469727,23.829999923706055,5370700.0,22.131298065185547
2014-06-30,24.75,23.8799991607666,23.8799991607666,24.579999923706055,7242100.0,22.827838897705078
2014-07-01,25.190000534057617,24.549999237060547,24.56999969482422,25.100000381469727,5853300.0,23.310768127441406
2014-07-02,25.229999542236328,24.479999542236328,25.149999618530273,24.670000076293945,4353900.0,22.91142463684082
2014-07-03,24.950000762939453,24.639999389648438,24.739999771118164,24.81999969482422,2463600.0,23.05072784423828
2014-07-07,24.760000228881836,24.15999984741211,24.709999084472656,24.360000610351562,3083400.0,22.623519897460938
2014-07-08,24.5,24.18000030517578,24.360000610351562,24.350000381469727,3498900.0,22.61423683166504
2014-07-09,24.81999969482422,24.360000610351562,24.40999984741211,24.450000762939453,4186100.0,22.707103729248047
2014-07-10,24.59000015258789,23.959999084472656,24.020000457763672,24.420000076293945,4416100.0,22.67924690246582
2014-07-11,24.34000015258789,23.950000762939453,24.34000015258789,24.110000610351562,4343700.0,22.39133644104004
2014-07-14,24.270000457763672,24.010000228881836,24.200000762939453,24.100000381469727,3309700.0,22.382049560546875
2014-07-15,24.200000762939453,24.0,24.020000457763672,24.170000076293945,4578900.0,22.447063446044922
2014-07-16,24.729999542236328,24.010000228881836,24.190000534057617,24.690000534057617,7052300.0,22.92999839782715
2014-07-17,24.239999771118164,23.639999389648438,24.219999313354492,23.709999084472656,5829200.0,22.019855499267578
2014-07-18,23.920000076293945,23.649999618530273,23.829999923706055,23.899999618530273,2769300.0,22.196311950683594
2014-07-21,23.989999771118164,23.68000030517578,23.719999313354492,23.84000015258789,3354700.0,22.140588760375977
2014-07-22,24.43000030517578,23.950000762939453,23.950000762939453,24.299999237060547,3405200.0,22.56779670715332
2014-07-23,24.8700008392334,24.049999237060547,24.270000457763672,24.799999237060547,6817800.0,23.032154083251953
2014-07-24,24.309999465942383,21.8700008392334,24.040000915527344,21.940000534057617,26162200.0,20.37602996826172
2014-07-25,21.920000076293945,21.209999084472656,21.809999465942383,21.610000610351562,16941200.0,20.069551467895508
2014-07-28,21.549999237060547,20.940000534057617,21.540000915527344,21.479999542236328,12900700.0,19.948820114135742
2014-07-29,21.559999465942383,20.950000762939453,21.559999465942383,20.969999313354492,10284600.0,19.475170135498047
2014-07-30,21.149999618530273,20.700000762939453,21.030000686645508,20.860000610351562,6769600.0,19.373010635375977
2014-07-31,20.81999969482422,20.469999313354492,20.6200008392334,20.700000762939453,7642900.0,19.22441864013672
2014-08-01,20.989999771118164,20.260000228881836,20.68000030517578,20.40999984741211,14056000.0,18.955095291137695
2014-08-04,20.940000534057617,20.420000076293945,20.940000534057617,20.579999923706055,7668300.0,19.112972259521484
2014-08-05,20.75,20.139999389648438,20.420000076293945,20.270000457763672,6108600.0,18.825069427490234
2014-08-06,20.399999618530273,20.059999465942383,20.190000534057617,20.15999984741211,5023800.0,18.78082275390625
2014-08-07,20.31999969482422,19.989999771118164,20.25,20.110000610351562,4973000.0,18.734241485595703
2014-08-08,20.709999084472656,20.18000030517578,20.18000030517578,20.6200008392334,8058100.0,19.2093505859375
2014-08-11,20.829999923706055,20.549999237060547,20.670000076293945,20.670000076293945,5938300.0,19.255931854248047
2014-08-12,20.5,20.170000076293945,20.420000076293945,20.270000457763672,7351500.0,18.8832950592041
2014-08-13,20.579999923706055,20.25,20.389999389648438,20.34000015258789,4618900.0,18.948511123657227
2014-08-14,20.889999389648438,20.43000030517578,20.450000762939453,20.8700008392334,5519400.0,19.44224739074707
2014-08-15,21.020000457763672,20.56999969482422,21.0,20.84000015258789,4656900.0,19.4143009185791
2014-08-18,21.31999969482422,20.959999084472656,20.979999542236328,21.1299991607666,7158100.0,19.684463500976562
2014-08-19,21.93000030517578,21.510000228881836,21.579999923706055,21.81999969482422,8605100.0,20.327259063720703
2014-08-20,22.06999969482422,21.670000076293945,21.799999237060547,21.889999389648438,5321600.0,20.392471313476562
2014-08-21,22.040000915527344,21.649999618530273,21.8700008392334,21.799999237060547,3013500.0,20.308626174926758
2014-08-22,21.940000534057617,21.6299991607666,21.780000686645508,21.84000015258789,2914100.0,20.34589195251465
2014-08-25,22.059999465942383,21.520000457763672,21.8799991607666,21.59000015258789,4328900.0,20.112993240356445
2014-08-26,21.770000457763672,21.469999313354492,21.639999389648438,21.600000381469727,2802600.0,20.122304916381836
2014-08-27,21.790000915527344,21.6200008392334,21.700000762939453,21.700000762939453,2119500.0,20.215465545654297
2014-08-28,21.700000762939453,21.3700008392334,21.549999237060547,21.65999984741211,2912200.0,20.178203582763672
2014-08-29,21.770000457763672,21.520000457763672,21.670000076293945,21.68000030517578,3580400.0,20.19683265686035
2014-09-02,21.729999542236328,21.5,21.670000076293945,21.639999389648438,4972800.0,20.159574508666992
2014-09-03,21.809999465942383,21.049999237060547,21.809999465942383,21.09000015258789,5850700.0,19.647197723388672
2014-09-04,21.5,21.229999542236328,21.34000015258789,21.360000610351562,7276900.0,19.898727416992188
2014-09-05,21.690000534057617,21.299999237060547,21.34000015258789,21.459999084472656,5146500.0,19.991886138916016
2014-09-08,21.829999923706055,21.40999984741211,21.440000534057617,21.6200008392334,4550700.0,20.14093780517578
2014-09-09,21.950000762939453,21.6200008392334,21.940000534057617,21.690000534057617,4112000.0,20.206151962280273
2014-09-10,21.989999771118164,21.479999542236328,21.639999389648438,21.959999084472656,4694200.0,20.45767593383789
2014-09-11,22.0,21.75,21.84000015258789,21.950000762939453,4914100.0,20.448366165161133
2014-09-12,21.899999618530273,21.270000457763672,21.889999389648438,21.459999084472656,7412000.0,19.991886138916016
2014-09-15,21.729999542236328,21.34000015258789,21.459999084472656,21.6200008392334,5585400.0,20.14093780517578
2014-09-16,21.75,21.450000762939453,21.600000381469727,21.600000381469727,3918500.0,20.122304916381836
2014-09-17,22.489999771118164,21.8799991607666,21.940000534057617,22.229999542236328,7911100.0,20.709209442138672
2014-09-18,22.360000610351562,21.969999313354492,22.360000610351562,22.15999984741211,3264000.0,20.644001007080078
2014-09-19,22.280000686645508,21.770000457763672,22.280000686645508,21.950000762939453,6740500.0,20.448366165161133
2014-09-22,21.920000076293945,21.219999313354492,21.920000076293945,21.3700008392334,5332800.0,19.908042907714844
2014-09-23,21.469999313354492,21.1299991607666,21.290000915527344,21.280000686645508,5783900.0,19.82419776916504
2014-09-24,21.40999984741211,20.649999618530273,20.899999618530273,21.200000762939453,7836400.0,19.749671936035156
2014-09-25,21.170000076293945,20.68000030517578,21.09000015258789,20.809999465942383,6023600.0,19.38636016845703
2014-09-26,20.989999771118164,20.709999084472656,20.860000610351562,20.899999618530273,2927000.0,19.470199584960938
2014-09-29,20.829999923706055,20.649999618530273,20.700000762939453,20.729999542236328,3184100.0,19.311826705932617
2014-09-30,20.780000686645508,20.399999618530273,20.719999313354492,20.520000457763672,4329200.0,19.116195678710938
2014-10-01,20.510000228881836,20.239999771118164,20.510000228881836,20.31999969482422,4095800.0,18.92987632751465
2014-10-02,20.540000915527344,20.079999923706055,20.34000015258789,20.5,5267300.0,19.097558975219727
2014-10-03,20.940000534057617,20.579999923706055,20.65999984741211,20.729999542236328,4204800.0,19.311826705932617
2014-10-06,21.149999618530273,20.860000610351562,20.8799991607666,20.940000534057617,3257700.0,19.507461547851562
2014-10-07,21.149999618530273,20.68000030517578,20.809999465942383,20.739999771118164,3890200.0,19.321144104003906
2014-10-08,21.110000610351562,20.479999542236328,20.739999771118164,21.0,5871000.0,19.56336212158203
2014-10-09,21.18000030517578,20.610000610351562,20.979999542236328,20.639999389648438,4822100.0,19.22798728942871
2014-10-10,20.639999389648438,19.719999313354492,20.59000015258789,19.84000015258789,10877200.0,18.48271369934082
2014-10-13,20.209999084472656,19.290000915527344,19.979999542236328,19.489999771118164,7539000.0,18.156648635864258
2014-10-14,20.399999618530273,19.579999923706055,19.579999923706055,20.030000686645508,6623000.0,18.659719467163086
2014-10-15,20.81999969482422,19.65999984741211,19.770000457763672,20.6299991607666,11017600.0,19.218666076660156
2014-10-16,21.06999969482422,20.239999771118164,20.299999237060547,20.309999465942383,10198900.0,18.920557022094727
2014-10-17,21.690000534057617,20.34000015258789,20.6299991607666,21.559999465942383,14826300.0,20.085046768188477
2014-10-20,22.239999771118164,21.459999084472656,21.520000457763672,22.110000610351562,9361200.0,20.597423553466797
2014-10-21,22.579999923706055,22.010000228881836,22.139999389648438,22.5,7016300.0,20.960735321044922
2014-10-22,22.84000015258789,22.3700008392334,22.489999771118164,22.700000762939453,5915900.0,21.147056579589844
2014-10-23,23.260000228881836,22.280000686645508,22.81999969482422,22.940000534057617,5707900.0,21.37063980102539
2014-10-24,23.049999237060547,22.34000015258789,22.8799991607666,22.959999084472656,4199400.0,21.389265060424805
2014-10-27,22.979999542236328,22.5,22.959999084472656,22.93000030517578,3868400.0,21.36132049560547
2014-10-28,23.309999465942383,22.719999313354492,22.940000534057617,23.219999313354492,4654400.0,21.631481170654297
2014-10-29,23.309999465942383,22.610000610351562,23.1200008392334,22.920000076293945,5901200.0,21.352006912231445
2014-10-30,22.90999984741211,22.43000030517578,22.84000015258789,22.809999465942383,4175900.0,21.24953269958496
2014-10-31,23.219999313354492,22.600000381469727,23.059999465942383,22.790000915527344,5185400.0,21.23089599609375
2014-11-03,22.979999542236328,22.610000610351562,22.790000915527344,22.969999313354492,4330700.0,21.39858627319336
2014-11-04,22.989999771118164,22.59000015258789,22.93000030517578,22.639999389648438,3537000.0,21.091161727905273
2014-11-05,22.809999465942383,22.31999969482422,22.690000534057617,22.510000228881836,4344200.0,20.970056533813477
2014-11-06,22.969999313354492,22.43000030517578,22.510000228881836,22.940000534057617,4814700.0,21.37063980102539
2014-11-07,23.360000610351562,22.739999771118164,22.950000762939453,23.1299991607666,5586200.0,21.54764175415039
2014-11-10,23.790000915527344,23.3700008392334,23.459999084472656,23.43000030517578,8041800.0,21.827117919921875
2014-11-11,24.270000457763672,23.25,23.299999237060547,23.950000762939453,11141300.0,22.31154441833496
2014-11-12,24.209999084472656,23.510000228881836,23.59000015258789,24.010000228881836,8018800.0,22.36743927001953
2014-11-13,24.399999618530273,24.0,24.0,24.290000915527344,5674200.0,22.628286361694336
2014-11-14,24.610000610351562,24.15999984741211,24.239999771118164,24.3799991607666,3851000.0,22.71211814880371
2014-11-17,24.600000381469727,24.200000762939453,24.239999771118164,24.489999771118164,3969000.0,22.81460189819336
2014-11-18,24.75,24.440000534057617,24.530000686645508,24.6299991607666,4053200.0,22.94502067565918
2014-11-19,24.93000030517578,24.56999969482422,24.56999969482422,24.860000610351562,4962400.0,23.159290313720703
2014-11-20,25.59000015258789,24.639999389648438,24.75,25.299999237060547,9452100.0,23.56917953491211
2014-11-21,25.940000534057617,25.489999771118164,25.670000076293945,25.489999771118164,8477300.0,23.746187210083008
2014-11-24,25.889999389648438,25.530000686645508,25.600000381469727,25.579999923706055,5810700.0,23.83003044128418
2014-11-25,25.84000015258789,25.469999313354492,25.600000381469727,25.530000686645508,5109700.0,23.78345489501953
2014-11-26,25.559999465942383,25.079999923706055,25.489999771118164,25.360000610351562,2948000.0,23.683059692382812
2014-11-28,25.649999618530273,25.190000534057617,25.479999542236328,25.489999771118164,2038000.0,23.80446434020996
2014-12-01,25.489999771118164,25.049999237060547,25.489999771118164,25.100000381469727,4397300.0,23.44025421142578
2014-12-02,25.469999313354492,25.079999923706055,25.149999618530273,25.3700008392334,3472500.0,23.69240379333496
2014-12-03,25.56999969482422,25.06999969482422,25.34000015258789,25.100000381469727,5381900.0,23.44025421142578
2014-12-04,25.1299991607666,24.540000915527344,25.100000381469727,24.56999969482422,7921000.0,22.94529914855957
2014-12-05,25.040000915527344,24.450000762939453,24.530000686645508,24.889999389648438,5538100.0,23.244140625
2014-12-08,25.079999923706055,24.790000915527344,24.84000015258789,24.90999984741211,3807600.0,23.262813568115234
2014-12-09,25.079999923706055,24.40999984741211,24.65999984741211,24.6299991607666,7340500.0,23.001331329345703
2014-12-10,24.8700008392334,23.729999542236328,24.600000381469727,23.760000228881836,6296100.0,22.188859939575195
2014-12-11,24.68000030517578,23.760000228881836,24.149999618530273,24.360000610351562,7415500.0,22.749183654785156
2014-12-12,24.34000015258789,23.920000076293945,24.010000228881836,23.989999771118164,6277400.0,22.40365219116211
2014-12-15,24.299999237060547,23.670000076293945,23.860000610351562,23.780000686645508,4502000.0,22.20754051208496
2014-12-16,23.920000076293945,23.350000381469727,23.59000015258789,23.3700008392334,4613600.0,21.824649810791016
2014-12-17,24.229999542236328,23.389999389648438,23.469999313354492,24.190000534057617,4707200.0,22.590425491333008
2014-12-18,24.600000381469727,24.1200008392334,24.479999542236328,24.469999313354492,4066800.0,22.851909637451172
2014-12-19,24.899999618530273,24.280000686645508,24.700000762939453,24.829999923706055,8121500.0,23.1881103515625
2014-12-22,25.0,24.540000915527344,24.799999237060547,24.950000762939453,4023600.0,23.300174713134766
2014-12-23,25.229999542236328,24.729999542236328,24.979999542236328,24.809999465942383,3339400.0,23.169424057006836
2014-12-24,24.950000762939453,24.700000762939453,24.809999465942383,24.799999237060547,1303600.0,23.160091400146484
2014-12-26,25.059999465942383,24.799999237060547,24.81999969482422,24.90999984741211,1847300.0,23.262813568115234
2014-12-29,25.309999465942383,24.790000915527344,24.950000762939453,24.899999618530273,2930500.0,23.253480911254883
2014-12-30,25.079999923706055,24.809999465942383,24.81999969482422,24.940000534057617,2716100.0,23.29082489013672
2014-12-31,25.6200008392334,25.030000686645508,25.030000686645508,25.290000915527344,3382900.0,23.61768913269043
2015-01-02,25.5,24.56999969482422,25.479999542236328,24.959999084472656,3174300.0,23.309507369995117
2015-01-05,24.969999313354492,24.350000381469727,24.8700008392334,24.440000534057617,5012500.0,22.823896408081055
2015-01-06,24.56999969482422,23.850000381469727,24.56999969482422,24.110000610351562,7431500.0,22.51571273803711
2015-01-07,25.719999313354492,24.299999237060547,24.360000610351562,25.350000381469727,11395200.0,23.673721313476562
2015-01-08,26.209999084472656,25.549999237060547,25.59000015258789,25.93000030517578,8526900.0,24.215368270874023
2015-01-09,26.479999542236328,25.93000030517578,26.049999237060547,26.059999465942383,5999900.0,24.33677101135254
2015-01-12,26.290000915527344,25.75,26.219999313354492,26.079999923706055,6038600.0,24.35545539855957
2015-01-13,26.81999969482422,24.0,26.649999618530273,24.81999969482422,20713500.0,23.178768157958984
2015-01-14,25.18000030517578,24.190000534057617,24.459999084472656,25.139999389648438,10727900.0,23.47760581970215
2015-01-15,25.290000915527344,23.110000610351562,25.010000228881836,23.18000030517578,14786600.0,21.6472110748291
2015-01-16,23.850000381469727,22.1200008392334,23.030000686645508,23.760000228881836,14762800.0,22.188859939575195
2015-01-20,23.719999313354492,22.6299991607666,23.719999313354492,22.950000762939453,6573400.0,21.43242645263672
2015-01-21,23.559999465942383,22.979999542236328,22.989999771118164,23.40999984741211,5673300.0,21.86200523376465
2015-01-22,23.809999465942383,23.219999313354492,23.520000457763672,23.690000534057617,5639500.0,22.123489379882812
2015-01-23,23.84000015258789,23.010000228881836,23.790000915527344,23.100000381469727,11388100.0,21.572507858276367
2015-01-26,24.979999542236328,23.799999237060547,24.510000228881836,24.3799991607666,13985000.0,22.767858505249023
2015-01-27,24.350000381469727,23.739999771118164,23.899999618530273,24.15999984741211,8099600.0,22.562408447265625
2015-01-28,24.440000534057617,23.8799991607666,24.3799991607666,23.8799991607666,6322600.0,22.300926208496094
2015-01-29,24.920000076293945,23.950000762939453,23.979999542236328,24.84000015258789,7416500.0,23.197444915771484
2015-01-30,24.84000015258789,24.280000686645508,24.6200008392334,24.520000457763672,7582900.0,22.89860725402832
2015-02-02,25.040000915527344,24.3799991607666,24.65999984741211,24.850000381469727,9977500.0,23.20677947998047
2015-02-03,25.479999542236328,24.709999084472656,24.950000762939453,25.469999313354492,9132300.0,23.785785675048828
2015-02-04,26.1299991607666,25.239999771118164,25.299999237060547,25.90999984741211,9857100.0,24.256214141845703
2015-02-05,26.079999923706055,25.31999969482422,25.860000610351562,25.780000686645508,7541800.0,24.134511947631836
2015-02-06,26.889999389648438,25.850000381469727,25.899999618530273,26.489999771118164,11377700.0,24.7991886138916
2015-02-09,26.780000686645508,26.309999465942383,26.420000076293945,26.450000762939453,6188000.0,24.761747360229492
2015-02-10,27.079999923706055,26.34000015258789,26.6299991607666,26.899999618530273,6211200.0,25.183021545410156
2015-02-11,27.190000534057617,26.6299991607666,27.09000015258789,26.84000015258789,4757500.0,25.12685203552246
2015-02-12,27.360000610351562,26.770000457763672,26.940000534057617,27.34000015258789,3431500.0,25.594934463500977
2015-02-13,27.3700008392334,27.0,27.290000915527344,27.190000534057617,3467100.0,25.454513549804688
2015-02-17,27.399999618530273,26.81999969482422,27.06999969482422,27.3700008392334,3916900.0,25.623023986816406
2015-02-18,27.399999618530273,26.940000534057617,27.329999923706055,27.219999313354492,5036000.0,25.48259925842285
2015-02-19,27.600000381469727,27.049999237060547,27.149999618530273,27.329999923706055,3399900.0,25.585575103759766
2015-02-20,27.329999923706055,26.920000076293945,27.239999771118164,27.31999969482422,3615000.0,25.576210021972656
2015-02-23,27.459999084472656,26.75,27.299999237060547,27.139999389648438,3824300.0,25.40770149230957
2015-02-24,27.84000015258789,27.389999389648438,27.700000762939453,27.6299991607666,5573100.0,25.866424560546875
2015-02-25,27.790000915527344,27.299999237060547,27.649999618530273,27.3799991607666,3584600.0,25.63237953186035
2015-02-26,27.420000076293945,27.010000228881836,27.34000015258789,27.219999313354492,4209000.0,25.48259925842285
2015-02-27,27.530000686645508,27.149999618530273,27.229999542236328,27.309999465942383,2948500.0,25.566852569580078
2015-03-02,27.530000686645508,27.079999923706055,27.350000381469727,27.139999389648438,3120500.0,25.40770149230957
2015-03-03,27.139999389648438,26.540000915527344,27.06999969482422,26.56999969482422,4849100.0,24.874088287353516
2015-03-04,26.989999771118164,26.389999389648438,26.479999542236328,26.8700008392334,3488300.0,25.154937744140625
2015-03-05,27.100000381469727,26.829999923706055,26.969999313354492,27.020000457763672,2296300.0,25.29536247253418
2015-03-06,26.850000381469727,26.0,26.790000915527344,26.170000076293945,5817000.0,24.499616622924805
2015-03-09,26.530000686645508,26.139999389648438,26.440000534057617,26.209999084472656,3294300.0,24.537065505981445
2015-03-10,26.190000534057617,25.84000015258789,25.920000076293945,25.90999984741211,3483200.0,24.256214141845703
2015-03-11,26.260000228881836,25.770000457763672,25.940000534057617,25.989999771118164,2694000.0,24.33110809326172
2015-03-12,26.6299991607666,26.06999969482422,26.139999389648438,26.600000381469727,2739100.0,24.902172088623047
2015-03-13,26.760000228881836,26.139999389648438,26.479999542236328,26.350000381469727,2321600.0,24.668128967285156
2015-03-16,26.850000381469727,26.459999084472656,26.56999969482422,26.6200008392334,3608100.0,24.920896530151367
2015-03-17,26.549999237060547,26.170000076293945,26.479999542236328,26.360000610351562,3403900.0,24.677492141723633
2015-03-18,27.350000381469727,26.100000381469727,26.3700008392334,27.100000381469727,5365500.0,25.370262145996094
2015-03-19,27.610000610351562,26.59000015258789,27.31999969482422,26.950000762939453,4559400.0,25.229833602905273
2015-03-20,27.739999771118164,27.190000534057617,27.229999542236328,27.329999923706055,5568300.0,25.585575103759766
2015-03-23,27.5,27.1200008392334,27.280000686645508,27.1200008392334,2939100.0,25.388986587524414
2015-03-24,27.889999389648438,26.860000610351562,26.979999542236328,27.43000030517578,4150600.0,25.679189682006836
2015-03-25,27.809999465942383,26.850000381469727,27.450000762939453,26.90999984741211,4530200.0,25.1923828125
2015-03-26,26.989999771118164,26.579999923706055,26.770000457763672,26.690000534057617,3155200.0,24.98642921447754
2015-03-27,27.530000686645508,26.719999313354492,26.790000915527344,27.43000030517578,3638400.0,25.679189682006836
2015-03-30,28.229999542236328,27.479999542236328,27.579999923706055,28.010000228881836,4368000.0,26.222171783447266
2015-03-31,28.770000457763672,27.799999237060547,28.18000030517578,28.479999542236328,6792200.0,26.66217041015625
2015-04-01,28.600000381469727,28.100000381469727,28.600000381469727,28.25,5216000.0,26.446853637695312
2015-04-02,29.079999923706055,28.270000457763672,28.34000015258789,29.010000228881836,5076000.0,27.158344268798828
2015-04-06,29.290000915527344,28.600000381469727,28.860000610351562,28.709999084472656,4475300.0,26.877490997314453
2015-04-07,28.780000686645508,27.950000762939453,28.729999542236328,28.030000686645508,4353700.0,26.24090003967285
2015-04-08,28.579999923706055,27.950000762939453,28.030000686645508,28.540000915527344,3782100.0,26.718341827392578
2015-04-09,28.690000534057617,27.8700008392334,28.43000030517578,28.479999542236328,3612500.0,26.66217041015625
2015-04-10,28.639999389648438,28.190000534057617,28.479999542236328,28.610000610351562,2520200.0,26.783876419067383
2015-04-13,28.700000762939453,28.290000915527344,28.549999237060547,28.3799991607666,2081800.0,26.568553924560547
2015-04-14,28.770000457763672,28.1299991607666,28.389999389648438,28.739999771118164,3030300.0,26.905580520629883
2015-04-15,29.25,28.729999542236328,28.860000610351562,29.040000915527344,4006400.0,27.186433792114258
2015-04-16,28.889999389648438,28.270000457763672,28.889999389648438,28.459999084472656,5499600.0,26.643447875976562
2015-04-17,28.3799991607666,27.6200008392334,28.200000762939453,28.270000457763672,6219800.0,26.465576171875
2015-04-20,28.610000610351562,27.709999084472656,28.549999237060547,28.040000915527344,6062500.0,26.250255584716797
2015-04-21,28.969999313354492,28.1299991607666,28.1299991607666,28.559999465942383,8286100.0,26.73706817626953
2015-04-22,28.639999389648438,26.65999984741211,28.34000015258789,27.030000686645508,17809900.0,25.304725646972656
2015-04-23,26.920000076293945,25.93000030517578,26.920000076293945,26.149999618530273,15602000.0,24.48089599609375
2015-04-24,26.65999984741211,26.15999984741211,26.270000457763672,26.56999969482422,5558000.0,24.874088287353516
2015-04-27,26.690000534057617,26.149999618530273,26.639999389648438,26.260000228881836,5866000.0,24.58386993408203
2015-04-28,26.469999313354492,25.860000610351562,26.1299991607666,26.399999618530273,4017600.0,24.714935302734375
2015-04-29,26.229999542236328,25.719999313354492,26.209999084472656,25.940000534057617,5323900.0,24.284297943115234
2015-04-30,25.920000076293945,25.34000015258789,25.770000457763672,25.399999618530273,6600500.0,23.778764724731445
2015-05-01,25.93000030517578,25.440000534057617,25.530000686645508,25.790000915527344,3827700.0,24.14387321472168
2015-05-04,26.06999969482422,25.489999771118164,25.81999969482422,25.6200008392334,3351900.0,23.984724044799805
2015-05-05,25.799999237060547,25.149999618530273,25.600000381469727,25.18000030517578,5165000.0,23.572811126708984
2015-05-06,25.3799991607666,24.920000076293945,25.270000457763672,25.270000457763672,3299600.0,23.657060623168945
2015-05-07,25.809999465942383,25.190000534057617,25.200000762939453,25.719999313354492,3945200.0,24.078340530395508
2015-05-08,26.450000762939453,25.8799991607666,26.030000686645508,25.920000076293945,3760400.0,24.26557159423828
2015-05-11,26.0,25.3700008392334,25.889999389648438,25.440000534057617,4168600.0,23.81620979309082
2015-05-12,25.600000381469727,25.079999923706055,25.239999771118164,25.440000534057617,3886800.0,23.81620979309082
2015-05-13,25.719999313354492,25.260000228881836,25.479999542236328,25.280000686645508,2590200.0,23.724712371826172
2015-05-14,25.8700008392334,25.31999969482422,25.479999542236328,25.790000915527344,3837800.0,24.20333480834961
2015-05-15,26.309999465942383,25.479999542236328,25.780000686645508,26.309999465942383,6455200.0,24.691341400146484
2015-05-18,26.56999969482422,26.110000610351562,26.299999237060547,26.459999084472656,4841000.0,24.83211326599121
2015-05-19,27.469999313354492,26.610000610351562,27.200000762939453,26.770000457763672,6263100.0,25.12303924560547
2015-05-20,27.049999237060547,26.399999618530273,26.850000381469727,26.920000076293945,4704400.0,25.26381492614746
2015-05-21,27.030000686645508,26.6299991607666,26.8700008392334,26.899999618530273,6157000.0,25.245046615600586
2015-05-22,26.8799991607666,26.579999923706055,26.860000610351562,26.649999618530273,3956400.0,25.010419845581055
2015-05-26,26.670000076293945,26.25,26.6299991607666,26.270000457763672,3985900.0,24.653804779052734
2015-05-27,26.40999984741211,25.93000030517578,26.290000915527344,26.3700008392334,4423600.0,24.74765396118164
2015-05-28,26.770000457763672,26.18000030517578,26.260000228881836,26.350000381469727,4233800.0,24.728878021240234
2015-05-29,26.5,26.100000381469727,26.25,26.1200008392334,4003400.0,24.513031005859375
2015-06-01,26.549999237060547,26.170000076293945,26.280000686645508,26.440000534057617,4057600.0,24.813343048095703
2015-06-02,26.510000228881836,26.139999389648438,26.34000015258789,26.309999465942383,2703900.0,24.691341400146484
2015-06-03,26.799999237060547,26.1200008392334,26.440000534057617,26.459999084472656,4609800.0,24.83211326599121
2015-06-04,26.639999389648438,26.100000381469727,26.229999542236328,26.209999084472656,4410400.0,24.597492218017578
2015-06-05,26.229999542236328,25.850000381469727,26.049999237060547,26.15999984741211,2466300.0,24.55057144165039
2015-06-08,26.209999084472656,25.899999618530273,26.1299991607666,25.920000076293945,2535200.0,24.325336456298828
2015-06-09,26.06999969482422,25.600000381469727,25.920000076293945,25.790000915527344,3113700.0,24.20333480834961
2015-06-10,26.360000610351562,25.84000015258789,25.940000534057617,26.280000686645508,3002200.0,24.66318702697754
2015-06-11,26.84000015258789,26.389999389648438,26.420000076293945,26.420000076293945,2935600.0,24.794574737548828
2015-06-12,26.75,26.219999313354492,26.229999542236328,26.709999084472656,3585100.0,25.06673240661621
2015-06-15,27.209999084472656,26.6200008392334,26.639999389648438,26.649999618530273,4329200.0,25.010419845581055
2015-06-16,26.649999618530273,26.329999923706055,26.520000457763672,26.510000228881836,3853700.0,24.879037857055664
2015-06-17,26.6299991607666,26.209999084472656,26.520000457763672,26.59000015258789,3042900.0,24.954111099243164
2015-06-18,26.979999542236328,26.6299991607666,26.65999984741211,26.81999969482422,3261700.0,25.169963836669922
2015-06-19,27.65999984741211,26.93000030517578,26.950000762939453,27.290000915527344,5854800.0,25.611051559448242
2015-06-22,27.729999542236328,27.43000030517578,27.43000030517578,27.579999923706055,3814900.0,25.883209228515625
2015-06-23,27.969999313354492,27.540000915527344,27.6299991607666,27.610000610351562,4080100.0,25.911361694335938
2015-06-24,28.700000762939453,27.75,28.329999923706055,27.920000076293945,6506600.0,26.202289581298828
2015-06-25,28.31999969482422,27.809999465942383,28.079999923706055,27.860000610351562,3152300.0,26.145978927612305
2015-06-26,28.100000381469727,27.68000030517578,27.969999313354492,27.969999313354492,4960300.0,26.249210357666016
2015-06-29,27.920000076293945,27.350000381469727,27.65999984741211,27.389999389648438,4418200.0,25.704893112182617
2015-06-30,27.90999984741211,27.31999969482422,27.65999984741211,27.360000610351562,4860900.0,25.676746368408203
2015-07-01,27.719999313354492,27.1299991607666,27.719999313354492,27.559999465942383,2911300.0,25.864437103271484
2015-07-02,27.940000534057617,27.299999237060547,27.65999984741211,27.59000015258789,3395900.0,25.89259147644043
2015-07-06,27.989999771118164,27.290000915527344,27.34000015258789,27.559999465942383,3978700.0,25.864437103271484
2015-07-07,28.1200008392334,27.280000686645508,27.540000915527344,28.100000381469727,5966700.0,26.3712158203125
2015-07-08,28.049999237060547,27.459999084472656,27.90999984741211,27.549999237060547,4970900.0,25.855051040649414
2015-07-09,28.059999465942383,27.65999984741211,27.899999618530273,27.670000076293945,3309500.0,25.967676162719727
2015-07-10,28.299999237060547,27.850000381469727,28.010000228881836,28.190000534057617,3539600.0,26.4556827545166
2015-07-13,28.479999542236328,28.139999389648438,28.350000381469727,28.270000457763672,2734400.0,26.530763626098633
2015-07-14,28.399999618530273,28.15999984741211,28.239999771118164,28.34000015258789,1760000.0,26.596452713012695
2015-07-15,28.3700008392334,27.5,28.3700008392334,27.6200008392334,6786000.0,25.920745849609375
2015-07-16,27.760000228881836,27.239999771118164,27.760000228881836,27.540000915527344,5337300.0,25.84566879272461
2015-07-17,27.690000534057617,27.030000686645508,27.639999389648438,27.139999389648438,5857500.0,25.470277786254883
2015-07-20,27.219999313354492,26.56999969482422,27.209999084472656,26.860000610351562,5188400.0,25.20750617980957
2015-07-21,27.200000762939453,26.780000686645508,26.940000534057617,27.110000610351562,3160600.0,25.44212532043457
2015-07-22,27.969999313354492,27.010000228881836,27.079999923706055,27.860000610351562,4215500.0,26.145978927612305
2015-07-23,28.0,27.149999618530273,27.950000762939453,27.43000030517578,3621900.0,25.7424373626709
2015-07-24,27.6299991607666,26.510000228881836,27.479999542236328,26.729999542236328,5394900.0,25.085506439208984
2015-07-27,26.979999542236328,26.469999313354492,26.559999465942383,26.739999771118164,6516700.0,25.094884872436523
2015-07-28,27.889999389648438,26.139999389648438,27.149999618530273,27.59000015258789,11021300.0,25.89259147644043
2015-07-29,28.709999084472656,27.610000610351562,27.770000457763672,28.579999923706055,9496800.0,26.82168960571289
2015-07-30,29.489999771118164,28.360000610351562,28.489999771118164,29.469999313354492,8909000.0,27.656925201416016
2015-07-31,29.799999237060547,29.170000076293945,29.559999465942383,29.690000534057617,6623500.0,27.86339569091797
2015-08-03,29.700000762939453,29.229999542236328,29.690000534057617,29.68000030517578,5248800.0,27.854013442993164
2015-08-04,29.709999084472656,28.889999389648438,29.649999618530273,29.170000076293945,4233900.0,27.375391006469727
2015-08-05,29.459999084472656,28.510000228881836,29.3700008392334,28.709999084472656,4267000.0,27.00153923034668
2015-08-06,28.8799991607666,28.43000030517578,28.829999923706055,28.6200008392334,4304900.0,26.916898727416992
2015-08-07,28.6299991607666,28.15999984741211,28.559999465942383,28.510000228881836,3803400.0,26.81344223022461
2015-08-10,29.190000534057617,28.690000534057617,28.780000686645508,29.059999465942383,3144500.0,27.33070945739746
2015-08-11,29.389999389648438,28.420000076293945,28.420000076293945,29.3799991607666,4387800.0,27.631671905517578
2015-08-12,29.989999771118164,29.139999389648438,29.739999771118164,29.959999084472656,6982500.0,28.177154541015625
2015-08-13,30.850000381469727,29.899999618530273,30.0,30.68000030517578,6681300.0,28.854312896728516
2015-08-14,30.65999984741211,30.329999923706055,30.579999923706055,30.639999389648438,3834600.0,28.816688537597656
2015-08-17,31.399999618530273,30.479999542236328,30.520000457763672,31.209999084472656,4990400.0,29.352773666381836
2015-08-18,32.15999984741211,31.420000076293945,31.6200008392334,31.65999984741211,12138800.0,29.775997161865234
2015-08-19,32.369998931884766,31.459999084472656,31.530000686645508,32.209999084472656,10576300.0,30.293264389038086
2015-08-20,32.290000915527344,31.639999389648438,31.959999084472656,31.65999984741211,5506400.0,29.775997161865234
2015-08-21,31.479999542236328,30.829999923706055,31.34000015258789,31.010000228881836,7004500.0,29.164676666259766
2015-08-24,29.940000534057617,27.649999618530273,29.440000534057617,29.530000686645508,7420200.0,27.772750854492188
2015-08-25,30.450000762939453,28.280000686645508,30.450000762939453,28.280000686645508,7547700.0,26.597129821777344
2015-08-26,29.6200008392334,28.149999618530273,28.969999313354492,29.520000457763672,9672200.0,27.76334571838379
2015-08-27,30.450000762939453,29.420000076293945,29.969999313354492,30.31999969482422,7792600.0,28.51573371887207
2015-08-28,30.600000381469727,29.799999237060547,30.389999389648438,30.1299991607666,5728400.0,28.337038040161133
2015-08-31,30.610000610351562,30.06999969482422,30.1200008392334,30.3700008392334,5254900.0,28.562761306762695
2015-09-01,30.170000076293945,29.360000610351562,29.639999389648438,29.65999984741211,5108700.0,27.89500617980957
2015-09-02,30.68000030517578,29.549999237060547,29.989999771118164,30.68000030517578,4451200.0,28.854312896728516
2015-09-03,31.420000076293945,30.829999923706055,31.139999389648438,31.280000686645508,5339100.0,29.418607711791992
2015-09-04,30.969999313354492,30.290000915527344,30.780000686645508,30.389999389648438,5316200.0,28.58156967163086
2015-09-08,31.5,30.700000762939453,30.950000762939453,31.479999542236328,4997900.0,29.606706619262695
2015-09-09,31.90999984741211,30.809999465942383,31.8700008392334,30.920000076293945,5611100.0,29.08003044128418
2015-09-10,30.829999923706055,29.81999969482422,30.639999389648438,30.780000686645508,5859700.0,28.948362350463867
2015-09-11,31.360000610351562,30.700000762939453,30.81999969482422,31.34000015258789,6074800.0,29.47503662109375
2015-09-14,31.5,30.93000030517578,31.309999465942383,31.43000030517578,5079900.0,29.559680938720703
2015-09-15,31.639999389648438,31.270000457763672,31.479999542236328,31.31999969482422,6029000.0,29.456226348876953
2015-09-16,31.690000534057617,30.90999984741211,31.34000015258789,31.579999923706055,6495800.0,29.70075798034668
2015-09-17,33.060001373291016,31.520000457763672,31.68000030517578,32.150001525878906,8391200.0,30.236835479736328
2015-09-18,32.310001373291016,31.399999618530273,31.790000915527344,31.610000610351562,8857900.0,29.728967666625977
2015-09-21,31.959999084472656,30.34000015258789,31.510000228881836,30.690000534057617,9532600.0,28.863719940185547
2015-09-22,30.40999984741211,29.399999618530273,30.25,29.950000762939453,7401400.0,28.167753219604492
2015-09-23,30.56999969482422,29.8700008392334,30.049999237060547,30.149999618530273,4314100.0,28.355852127075195
2015-09-24,30.540000915527344,29.43000030517578,29.809999465942383,30.479999542236328,5507700.0,28.666210174560547
2015-09-25,31.09000015258789,30.440000534057617,30.860000610351562,30.639999389648438,4013400.0,28.816688537597656
2015-09-28,30.56999969482422,28.969999313354492,30.510000228881836,29.31999969482422,6353400.0,27.57524299621582
2015-09-29,29.59000015258789,28.579999923706055,29.40999984741211,28.81999969482422,6677400.0,27.104991912841797
2015-09-30,29.540000915527344,28.65999984741211,29.290000915527344,29.360000610351562,5843500.0,27.612863540649414
2015-10-01,29.709999084472656,28.959999084472656,29.43000030517578,29.579999923706055,4562300.0,27.81976890563965
2015-10-02,29.729999542236328,28.540000915527344,29.149999618530273,29.729999542236328,5898100.0,27.960840225219727
2015-10-05,31.1200008392334,29.899999618530273,29.899999618530273,31.06999969482422,5919000.0,29.221101760864258
2015-10-06,31.149999618530273,29.90999984741211,31.149999618530273,30.0,8080600.0,28.214778900146484
2015-10-07,30.59000015258789,29.93000030517578,30.219999313354492,30.579999923706055,6081800.0,28.76026153564453
2015-10-08,30.780000686645508,30.229999542236328,30.579999923706055,30.649999618530273,5252200.0,28.826095581054688
2015-10-09,30.75,30.040000915527344,30.639999389648438,30.649999618530273,4672400.0,28.826095581054688
2015-10-12,30.979999542236328,30.31999969482422,30.75,30.93000030517578,3176100.0,29.089435577392578
2015-10-13,31.1200008392334,30.270000457763672,30.68000030517578,30.420000076293945,4615700.0,28.60978126525879
2015-10-14,30.420000076293945,28.81999969482422,30.3799991607666,29.290000915527344,11736100.0,27.547025680541992
2015-10-15,29.950000762939453,28.93000030517578,29.3799991607666,29.920000076293945,6918400.0,28.139537811279297
2015-10-16,30.06999969482422,29.56999969482422,29.940000534057617,30.040000915527344,4962700.0,28.252397537231445
2015-10-19,30.399999618530273,29.809999465942383,29.989999771118164,30.3700008392334,3521700.0,28.562761306762695
2015-10-20,31.239999771118164,30.260000228881836,30.350000381469727,31.1200008392334,4632600.0,29.268129348754883
2015-10-21,31.479999542236328,30.989999771118164,31.309999465942383,31.329999923706055,4002500.0,29.46562957763672
2015-10-22,31.40999984741211,30.100000381469727,31.25,30.950000762939453,7102200.0,29.108245849609375
2015-10-23,31.25,30.420000076293945,31.049999237060547,31.1299991607666,6151700.0,29.277528762817383
2015-10-26,31.329999923706055,30.1200008392334,31.06999969482422,30.920000076293945,5075100.0,29.08003044128418
2015-10-27,30.719999313354492,29.719999313354492,30.670000076293945,30.059999465942383,5185300.0,28.27120590209961
2015-10-28,30.75,29.75,30.059999465942383,30.420000076293945,5182100.0,28.60978126525879
2015-10-29,30.280000686645508,28.690000534057617,30.1299991607666,29.18000030517578,10312700.0,27.443567276000977
2015-10-30,29.920000076293945,28.809999465942383,29.229999542236328,29.440000534057617,5934200.0,27.68810272216797
2015-11-02,29.920000076293945,29.350000381469727,29.43000030517578,29.850000381469727,2855100.0,28.073705673217773
2015-11-03,30.290000915527344,29.190000534057617,29.739999771118164,29.969999313354492,5426300.0,28.186559677124023
2015-11-04,30.229999542236328,29.65999984741211,30.079999923706055,29.799999237060547,4720600.0,28.026676177978516
2015-11-05,29.90999984741211,28.93000030517578,29.8700008392334,29.399999618530273,6506000.0,27.650480270385742
2015-11-06,29.399999618530273,28.729999542236328,29.1299991607666,29.399999618530273,5863600.0,27.650480270385742
2015-11-09,29.5,28.450000762939453,29.43000030517578,28.770000457763672,7692200.0,27.057971954345703
2015-11-10,31.559999465942383,29.06999969482422,29.399999618530273,31.149999618530273,18819000.0,29.29634666442871
2015-11-11,32.25,31.079999923706055,31.229999542236328,32.02000045776367,10509100.0,30.114574432373047
2015-11-12,31.8799991607666,30.709999084472656,31.75,30.989999771118164,5929700.0,29.1458683013916
2015-11-13,31.440000534057617,30.6200008392334,30.989999771118164,30.670000076293945,4549100.0,28.844907760620117
2015-11-16,31.420000076293945,30.65999984741211,30.65999984741211,31.389999389648438,3908000.0,29.522064208984375
2015-11-17,31.850000381469727,31.25,31.3700008392334,31.309999465942383,4292000.0,29.446821212768555
2015-11-18,31.920000076293945,31.260000228881836,31.299999237060547,31.8700008392334,3885300.0,29.97349739074707
2015-11-19,32.16999816894531,31.790000915527344,31.8700008392334,32.060001373291016,3987300.0,30.152191162109375
2015-11-20,32.41999816894531,31.850000381469727,32.20000076293945,32.22999954223633,3875700.0,30.312074661254883
2015-11-23,32.5099983215332,32.130001068115234,32.22999954223633,32.2599983215332,3086500.0,30.34029197692871
2015-11-24,32.88999938964844,32.06999969482422,32.06999969482422,32.7400016784668,4658400.0,30.791723251342773
2015-11-25,32.86000061035156,32.459999084472656,32.66999816894531,32.7400016784668,2664200.0,30.867151260375977
2015-11-27,32.95000076293945,32.529998779296875,32.709999084472656,32.77000045776367,1576300.0,30.895435333251953
2015-11-30,32.849998474121094,32.290000915527344,32.720001220703125,32.310001373291016,3661600.0,30.46175193786621
2015-12-01,33.060001373291016,32.290000915527344,32.43000030517578,33.029998779296875,4512300.0,31.140565872192383
2015-12-02,33.099998474121094,32.09000015258789,33.0099983215332,32.310001373291016,3112400.0,30.46175193786621
2015-12-03,32.54999923706055,31.469999313354492,32.41999816894531,31.65999984741211,4879300.0,29.84893035888672
2015-12-04,32.9900016784668,31.6299991607666,31.780000686645508,32.9900016784668,4180400.0,31.10284996032715
2015-12-07,33.06999969482422,32.70000076293945,32.84000015258789,32.91999816894531,5008800.0,31.036853790283203
2015-12-08,32.7400016784668,32.04999923706055,32.400001525878906,32.47999954223633,3980100.0,30.62202262878418
2015-12-09,32.66999816894531,31.559999465942383,32.209999084472656,31.84000015258789,4991900.0,30.018630981445312
2015-12-10,32.63999938964844,31.920000076293945,32.04999923706055,32.349998474121094,3262200.0,30.499454498291016
2015-12-11,32.2599983215332,31.68000030517578,31.899999618530273,31.950000762939453,4150000.0,30.122346878051758
2015-12-14,31.969999313354492,30.8799991607666,31.889999389648438,31.149999618530273,4634100.0,29.36810302734375
2015-12-15,31.719999313354492,31.200000762939453,31.420000076293945,31.459999084472656,2793600.0,29.660369873046875
2015-12-16,32.34000015258789,31.709999084472656,31.889999389648438,32.2599983215332,3686400.0,30.414609909057617
2015-12-17,32.61000061035156,31.510000228881836,32.380001068115234,31.520000457763672,2819600.0,29.716938018798828
2015-12-18,31.530000686645508,30.6299991607666,31.5,30.75,7610100.0,28.990982055664062
2015-12-21,31.829999923706055,30.950000762939453,31.0,31.40999984741211,3339200.0,29.613231658935547
2015-12-22,31.940000534057617,30.959999084472656,31.420000076293945,31.8799991607666,2541600.0,30.05634307861328
2015-12-23,32.27000045776367,31.649999618530273,32.029998779296875,32.130001068115234,3408200.0,30.292041778564453
2015-12-24,32.439998626708984,32.029998779296875,32.11000061035156,32.15999984741211,1033500.0,30.320327758789062
2015-12-28,32.290000915527344,31.799999237060547,31.920000076293945,32.290000915527344,1934900.0,30.44289207458496
2015-12-29,32.68000030517578,32.349998474121094,32.529998779296875,32.61000061035156,1737200.0,30.74458885192871
2015-12-30,32.79999923706055,32.40999984741211,32.61000061035156,32.439998626708984,1905400.0,30.584312438964844
2015-12-31,32.470001220703125,32.02000045776367,32.31999969482422,32.029998779296875,1752200.0,30.197765350341797
2016-01-04,31.639999389648438,29.440000534057617,31.600000381469727,30.389999389648438,11387500.0,28.651578903198242
2016-01-05,30.739999771118164,30.030000686645508,30.639999389648438,30.420000076293945,4759400.0,28.67986297607422
2016-01-06,30.420000076293945,29.3700008392334,29.979999542236328,29.65999984741211,6596600.0,27.963335037231445
2016-01-07,29.399999618530273,28.440000534057617,28.889999389648438,28.530000686645508,6552100.0,26.897979736328125
2016-01-08,28.68000030517578,27.229999542236328,28.510000228881836,27.31999969482422,12509400.0,25.7571964263916
2016-01-11,28.049999237060547,27.200000762939453,27.520000457763672,27.700000762939453,8107600.0,26.115453720092773
2016-01-12,28.389999389648438,27.40999984741211,28.0,28.200000762939453,7035000.0,26.586854934692383
2016-01-13,28.959999084472656,27.1299991607666,28.469999313354492,27.239999771118164,7672300.0,25.68177032470703
2016-01-14,27.40999984741211,26.56999969482422,27.260000228881836,26.920000076293945,10452600.0,25.380075454711914
2016-01-15,27.010000228881836,25.420000076293945,25.950000762939453,26.649999618530273,12607300.0,25.125520706176758
2016-01-19,27.530000686645508,26.59000015258789,27.280000686645508,26.93000030517578,7918100.0,25.389503479003906
2016-01-20,26.829999923706055,25.40999984741211,26.459999084472656,26.469999313354492,8836700.0,24.95581817626953
2016-01-21,27.329999923706055,26.25,26.549999237060547,26.649999618530273,6414000.0,25.125520706176758
2016-01-22,28.049999237060547,26.950000762939453,26.989999771118164,27.709999084472656,8448000.0,26.1248836517334
2016-01-25,27.700000762939453,25.829999923706055,27.700000762939453,26.399999618530273,10665100.0,24.889822006225586
2016-01-26,27.56999969482422,26.079999923706055,27.06999969482422,27.34000015258789,9427500.0,25.776046752929688
2016-01-27,27.270000457763672,26.649999618530273,26.979999542236328,26.81999969482422,6870300.0,25.28579330444336
2016-01-28,27.43000030517578,26.43000030517578,27.09000015258789,26.780000686645508,6153200.0,25.248085021972656
2016-01-29,27.670000076293945,26.729999542236328,26.84000015258789,27.510000228881836,6607100.0,25.936328887939453
2016-02-01,27.510000228881836,26.899999618530273,27.329999923706055,27.030000686645508,4403400.0,25.48378562927246
2016-02-02,26.899999618530273,26.010000228881836,26.850000381469727,26.18000030517578,5820600.0,24.682403564453125
2016-02-03,26.549999237060547,25.0,26.3700008392334,25.729999542236328,6913500.0,24.332504272460938
2016-02-04,26.209999084472656,25.420000076293945,25.579999923706055,25.670000076293945,5848500.0,24.2757568359375
2016-02-05,25.75,24.350000381469727,25.280000686645508,24.440000534057617,9306500.0,23.112571716308594
2016-02-08,24.34000015258789,23.139999389648438,24.1200008392334,23.479999542236328,9841500.0,22.2047061920166
2016-02-09,24.15999984741211,22.969999313354492,23.09000015258789,24.040000915527344,9795600.0,22.73429298400879
2016-02-10,24.780000686645508,23.850000381469727,24.360000610351562,24.469999313354492,5652300.0,23.14093780517578
2016-02-11,24.190000534057617,23.010000228881836,23.979999542236328,23.229999542236328,5853500.0,21.96828842163086
2016-02-12,24.229999542236328,23.329999923706055,23.709999084472656,24.209999084472656,4603800.0,22.89505958557129
2016-02-16,24.8799991607666,24.260000228881836,24.450000762939453,24.780000686645508,4898500.0,23.434097290039062
2016-02-17,24.989999771118164,24.40999984741211,24.850000381469727,24.75,4835800.0,23.40572738647461
2016-02-18,24.8799991607666,24.260000228881836,24.760000228881836,24.579999923706055,4611500.0,23.244962692260742
2016-02-19,25.1299991607666,24.440000534057617,24.549999237060547,25.010000228881836,8303800.0,23.6516056060791
2016-02-22,26.1200008392334,25.209999084472656,25.209999084472656,26.100000381469727,6476000.0,24.682403564453125
2016-02-23,26.360000610351562,25.809999465942383,25.93000030517578,26.309999465942383,6647700.0,24.881000518798828
2016-02-24,26.5,25.700000762939453,25.989999771118164,26.479999542236328,5055700.0,25.041763305664062
2016-02-25,27.329999923706055,26.469999313354492,26.5,27.219999313354492,5165500.0,25.7415771484375
2016-02-26,27.68000030517578,27.030000686645508,27.280000686645508,27.170000076293945,4166800.0,25.694290161132812
2016-02-29,27.420000076293945,26.719999313354492,27.100000381469727,26.719999313354492,4429300.0,25.268728256225586
2016-03-01,27.75,26.899999618530273,26.989999771118164,27.670000076293945,3481300.0,26.167131423950195
2016-03-02,28.059999465942383,27.469999313354492,27.549999237060547,28.049999237060547,4874500.0,26.5264949798584
2016-03-03,28.670000076293945,28.020000457763672,28.079999923706055,28.6299991607666,4559600.0,27.074995040893555
2016-03-04,28.760000228881836,28.209999084472656,28.6299991607666,28.399999618530273,5825300.0,26.857484817504883
2016-03-07,28.43000030517578,27.950000762939453,28.25,28.149999618530273,4206800.0,26.621061325073242
2016-03-08,28.219999313354492,27.399999618530273,28.059999465942383,27.690000534057617,4380200.0,26.186050415039062
2016-03-09,28.219999313354492,27.540000915527344,27.90999984741211,28.059999465942383,2787600.0,26.53594970703125
2016-03-10,28.610000610351562,27.579999923706055,28.229999542236328,28.110000610351562,4062900.0,26.583236694335938
2016-03-11,29.649999618530273,28.309999465942383,28.399999618530273,29.559999465942383,8527200.0,27.954477310180664
2016-03-14,29.6299991607666,29.040000915527344,29.299999237060547,29.489999771118164,4056800.0,27.888280868530273
2016-03-15,29.559999465942383,29.110000610351562,29.200000762939453,29.329999923706055,4737200.0,27.736968994140625
2016-03-16,29.959999084472656,29.0,29.100000381469727,29.8700008392334,3802000.0,28.247642517089844
2016-03-17,30.270000457763672,29.610000610351562,29.780000686645508,30.1200008392334,3396000.0,28.484066009521484
2016-03-18,30.579999923706055,30.1200008392334,30.270000457763672,30.209999084472656,5456700.0,28.56917381286621
2016-03-21,30.450000762939453,29.5,30.270000457763672,29.920000076293945,4602900.0,28.294923782348633
2016-03-22,30.110000610351562,29.610000610351562,29.670000076293945,29.780000686645508,2665800.0,28.162532806396484
2016-03-23,29.8700008392334,29.309999465942383,29.81999969482422,29.350000381469727,3599200.0,27.755884170532227
2016-03-24,29.479999542236328,29.079999923706055,29.43000030517578,29.399999618530273,3423300.0,27.80316925048828
2016-03-28,29.920000076293945,29.280000686645508,29.459999084472656,29.81999969482422,3424400.0,28.200355529785156
2016-03-29,30.8700008392334,29.950000762939453,30.030000686645508,30.719999313354492,6129400.0,29.051481246948242
2016-03-30,31.0,30.149999618530273,30.90999984741211,30.170000076293945,3634900.0,28.531347274780273
2016-03-31,30.389999389648438,29.959999084472656,30.100000381469727,30.229999542236328,4026400.0,28.588088989257812
2016-04-01,30.479999542236328,29.959999084472656,30.040000915527344,30.399999618530273,3148100.0,28.748859405517578
2016-04-04,30.389999389648438,29.600000381469727,30.360000610351562,29.959999084472656,2784100.0,28.332754135131836
2016-04-05,30.15999984741211,29.450000762939453,29.610000610351562,29.700000762939453,3737400.0,28.086875915527344
2016-04-06,30.59000015258789,29.709999084472656,29.709999084472656,30.469999313354492,4250700.0,28.81505584716797
2016-04-07,30.579999923706055,30.06999969482422,30.209999084472656,30.25,2859400.0,28.60700035095215
2016-04-08,30.690000534057617,30.309999465942383,30.530000686645508,30.5,2479400.0,28.843429565429688
2016-04-11,30.899999618530273,30.31999969482422,30.829999923706055,30.329999923706055,2041900.0,28.68265724182129
2016-04-12,30.8700008392334,30.209999084472656,30.350000381469727,30.709999084472656,2528300.0,29.042016983032227
2016-04-13,31.68000030517578,30.809999465942383,30.81999969482422,31.600000381469727,3325200.0,29.88368034362793
2016-04-14,31.729999542236328,31.239999771118164,31.559999465942383,31.399999618530273,3619800.0,29.694541931152344
2016-04-15,31.43000030517578,31.110000610351562,31.329999923706055,31.3700008392334,2383100.0,29.66617202758789
2016-04-18,31.479999542236328,31.06999969482422,31.100000381469727,31.399999618530273,3179700.0,29.694541931152344
2016-04-19,31.670000076293945,30.8799991607666,31.09000015258789,31.280000686645508,4994000.0,29.581058502197266
2016-04-20,31.780000686645508,30.969999313354492,31.18000030517578,31.420000076293945,4891400.0,29.713451385498047
2016-04-21,32.5099983215332,31.56999969482422,31.6299991607666,31.780000686645508,5677500.0,30.053903579711914
2016-04-22,32.04999923706055,31.020000457763672,31.540000915527344,31.139999389648438,3933100.0,29.448659896850586
2016-04-25,31.280000686645508,30.729999542236328,30.979999542236328,31.1200008392334,3157300.0,29.429750442504883
2016-04-26,31.649999618530273,31.09000015258789,31.18000030517578,31.40999984741211,2979500.0,29.703998565673828
2016-04-27,31.729999542236328,31.190000534057617,31.420000076293945,31.5,2581300.0,29.78911018371582
2016-04-28,31.31999969482422,30.260000228881836,31.239999771118164,30.360000610351562,4322700.0,28.71102523803711
2016-04-29,30.670000076293945,29.610000610351562,30.34000015258789,30.059999465942383,5670100.0,28.42732048034668
2016-05-02,30.700000762939453,30.09000015258789,30.280000686645508,30.6299991607666,3263700.0,28.96636390686035
2016-05-03,30.530000686645508,29.889999389648438,30.40999984741211,29.989999771118164,3327500.0,28.361127853393555
2016-05-04,29.899999618530273,29.31999969482422,29.760000228881836,29.780000686645508,3181000.0,28.162532806396484
2016-05-05,29.8799991607666,29.43000030517578,29.809999465942383,29.610000610351562,3025100.0,28.001766204833984
2016-05-06,29.799999237060547,29.170000076293945,29.489999771118164,29.540000915527344,3750500.0,27.935565948486328
2016-05-09,29.90999984741211,29.34000015258789,29.579999923706055,29.600000381469727,2133200.0,27.992305755615234
2016-05-10,29.770000457763672,29.40999984741211,29.700000762939453,29.729999542236328,2349000.0,28.115243911743164
2016-05-11,29.719999313354492,29.110000610351562,29.479999542236328,29.1200008392334,3194600.0,27.612680435180664
2016-05-12,29.399999618530273,28.860000610351562,29.229999542236328,29.149999618530273,4002200.0,27.641130447387695
2016-05-13,29.469999313354492,28.969999313354492,29.09000015258789,29.100000381469727,2680600.0,27.59371566772461
2016-05-16,29.450000762939453,29.0,29.079999923706055,29.360000610351562,3410800.0,27.84025764465332
2016-05-17,29.8799991607666,29.309999465942383,29.329999923706055,29.450000762939453,3141400.0,27.925600051879883
2016-05-18,29.93000030517578,29.139999389648438,29.350000381469727,29.389999389648438,3510900.0,27.86870574951172
2016-05-19,29.309999465942383,28.81999969482422,29.1200008392334,29.239999771118164,2987800.0,27.726469039916992
2016-05-20,29.8799991607666,29.360000610351562,29.469999313354492,29.709999084472656,2387700.0,28.172142028808594
2016-05-23,29.809999465942383,29.229999542236328,29.639999389648438,29.239999771118164,2291400.0,27.726469039916992
2016-05-24,30.6200008392334,29.5,29.700000762939453,30.479999542236328,6425100.0,28.90228271484375
2016-05-25,30.899999618530273,30.459999084472656,30.690000534057617,30.549999237060547,3287800.0,28.968664169311523
2016-05-26,30.790000915527344,30.3799991607666,30.56999969482422,30.59000015258789,2459000.0,29.006589889526367
2016-05-27,30.93000030517578,30.530000686645508,30.559999465942383,30.579999923706055,2716900.0,28.99710464477539
2016-05-31,30.639999389648438,30.329999923706055,30.6299991607666,30.559999465942383,3923500.0,28.978139877319336
2016-06-01,30.93000030517578,30.190000534057617,30.34000015258789,30.8799991607666,3436300.0,29.281578063964844
2016-06-02,31.059999465942383,30.5,30.760000228881836,31.059999465942383,3806600.0,29.452260971069336
2016-06-03,31.110000610351562,30.350000381469727,30.889999389648438,30.989999771118164,3044900.0,29.38588523864746
2016-06-06,31.149999618530273,30.760000228881836,31.06999969482422,30.950000762939453,2587500.0,29.34795379638672
2016-06-07,32.099998474121094,30.950000762939453,30.950000762939453,31.59000015258789,4452600.0,29.9548282623291
2016-06-08,32.060001373291016,31.450000762939453,31.600000381469727,32.0,3224400.0,30.34360694885254
2016-06-09,31.940000534057617,31.6200008392334,31.809999465942383,31.729999542236328,2232700.0,30.087583541870117
2016-06-10,31.459999084472656,31.040000915527344,31.440000534057617,31.139999389648438,3218100.0,29.528121948242188
2016-06-13,31.190000534057617,30.549999237060547,30.90999984741211,30.56999969482422,2943000.0,28.987625122070312
2016-06-14,30.799999237060547,30.1299991607666,30.56999969482422,30.3700008392334,3283100.0,28.7979793548584
2016-06-15,31.049999237060547,30.280000686645508,30.43000030517578,30.719999313354492,2301800.0,29.12986183166504
2016-06-16,30.65999984741211,30.170000076293945,30.459999084472656,30.540000915527344,3102300.0,28.959177017211914
2016-06-17,31.0,30.40999984741211,30.549999237060547,30.899999618530273,3068200.0,29.300540924072266
2016-06-20,31.510000228881836,31.06999969482422,31.389999389648438,31.079999923706055,2024800.0,29.471227645874023
2016-06-21,31.520000457763672,30.700000762939453,31.3700008392334,31.010000228881836,2541800.0,29.404850006103516
2016-06-22,31.239999771118164,30.770000457763672,30.959999084472656,30.790000915527344,1839200.0,29.196237564086914
2016-06-23,31.290000915527344,30.860000610351562,31.18000030517578,31.290000915527344,1715300.0,29.67035484313965
2016-06-24,30.829999923706055,29.850000381469727,30.030000686645508,30.360000610351562,7777200.0,28.788494110107422
2016-06-27,30.049999237060547,29.139999389648438,29.979999542236328,29.479999542236328,3685500.0,27.95404624938965
2016-06-28,30.329999923706055,29.829999923706055,29.90999984741211,30.239999771118164,2626800.0,28.67470932006836
2016-06-29,31.139999389648438,30.270000457763672,30.59000015258789,30.979999542236328,3079600.0,29.376405715942383
2016-06-30,31.530000686645508,30.75,31.049999237060547,31.479999542236328,3494300.0,29.85051918029785
2016-07-01,31.989999771118164,31.450000762939453,31.479999542236328,31.850000381469727,3121300.0,30.201374053955078
2016-07-05,31.860000610351562,31.270000457763672,31.649999618530273,31.770000457763672,2936400.0,30.125511169433594
2016-07-06,32.720001220703125,31.479999542236328,31.510000228881836,32.709999084472656,6325700.0,31.016855239868164
2016-07-07,33.2400016784668,32.599998474121094,32.900001525878906,32.83000183105469,5286700.0,31.130640029907227
2016-07-08,33.970001220703125,33.11000061035156,33.18000030517578,33.81999969482422,4712000.0,32.06938934326172
2016-07-11,34.2599983215332,33.810001373291016,33.95000076293945,33.86000061035156,3530100.0,32.10732650756836
2016-07-12,34.20000076293945,33.720001220703125,34.150001525878906,33.81999969482422,4258300.0,32.06938934326172
2016-07-13,34.08000183105469,33.709999084472656,33.90999984741211,33.900001525878906,3079200.0,32.145263671875
2016-07-14,34.279998779296875,33.900001525878906,34.150001525878906,34.0,3394300.0,32.240081787109375
2016-07-15,34.119998931884766,33.470001220703125,34.04999923706055,33.79999923706055,4228100.0,32.05043029785156
2016-07-18,34.02000045776367,33.630001068115234,33.91999816894531,33.95000076293945,2205100.0,32.19267654418945
2016-07-19,34.220001220703125,33.7599983215332,33.95000076293945,34.06999969482422,3534800.0,32.30645751953125
2016-07-20,34.459999084472656,33.939998626708984,34.099998474121094,34.40999984741211,5354100.0,32.62885665893555
2016-07-21,34.560001373291016,33.849998474121094,34.2400016784668,34.290000915527344,7138300.0,32.51507568359375
2016-07-22,34.459999084472656,33.459999084472656,34.040000915527344,33.959999084472656,6411900.0,32.202144622802734
2016-07-25,34.16999816894531,33.689998626708984,33.95000076293945,33.75,4170000.0,32.003021240234375
2016-07-26,34.0,33.400001525878906,33.779998779296875,33.93000030517578,4963700.0,32.17371368408203
2016-07-27,34.33000183105469,33.63999938964844,34.02000045776367,33.790000915527344,4060900.0,32.040950775146484
2016-07-28,33.97999954223633,33.630001068115234,33.75,33.7400016784668,3033500.0,31.993541717529297
2016-07-29,33.790000915527344,32.70000076293945,33.77000045776367,32.880001068115234,5547700.0,31.17805290222168
2016-08-01,33.11000061035156,32.689998626708984,32.81999969482422,32.849998474121094,3164700.0,31.149608612060547
2016-08-02,32.849998474121094,32.029998779296875,32.689998626708984,32.09000015258789,2890500.0,30.42894744873047
2016-08-03,32.5,31.81999969482422,31.93000030517578,32.290000915527344,3508900.0,30.618593215942383
2016-08-04,32.400001525878906,31.709999084472656,32.27000045776367,32.06999969482422,3649900.0,30.48550796508789
2016-08-05,32.459999084472656,32.060001373291016,32.2400016784668,32.29999923706055,3550100.0,30.704143524169922
2016-08-08,32.52000045776367,32.029998779296875,32.369998931884766,32.11000061035156,2633100.0,30.523530960083008
2016-08-09,32.290000915527344,31.959999084472656,32.099998474121094,32.27000045776367,3261400.0,30.675630569458008
2016-08-10,32.380001068115234,31.84000015258789,32.369998931884766,32.15999984741211,2134200.0,30.571067810058594
2016-08-11,32.619998931884766,32.119998931884766,32.290000915527344,32.349998474121094,2530800.0,30.751680374145508
2016-08-12,32.40999984741211,31.940000534057617,32.31999969482422,32.15999984741211,2542900.0,30.571067810058594
2016-08-15,32.86000061035156,32.189998626708984,32.189998626708984,32.459999084472656,2601300.0,30.856245040893555
2016-08-16,32.41999816894531,32.099998474121094,32.38999938964844,32.349998474121094,2062200.0,30.751680374145508
2016-08-17,32.38999938964844,31.780000686645508,32.22999954223633,32.04999923706055,3056100.0,30.46649742126465
2016-08-18,32.22999954223633,31.75,32.08000183105469,32.04999923706055,3212700.0,30.46649742126465
2016-08-19,32.099998474121094,31.829999923706055,31.959999084472656,31.8799991607666,2919800.0,30.304901123046875
2016-08-22,32.130001068115234,31.639999389648438,31.8799991607666,32.06999969482422,3237200.0,30.48550796508789
2016-08-23,33.2599983215332,32.02000045776367,32.220001220703125,32.9900016784668,6104000.0,31.360057830810547
2016-08-24,33.0099983215332,32.540000915527344,32.83000183105469,32.66999816894531,3009000.0,31.055871963500977
2016-08-25,32.88999938964844,32.5,32.56999969482422,32.630001068115234,1851400.0,31.017839431762695
2016-08-26,32.790000915527344,31.709999084472656,32.66999816894531,31.940000534057617,3420000.0,30.3619327545166
2016-08-29,32.209999084472656,31.780000686645508,31.899999618530273,31.84000015258789,4786500.0,30.266876220703125
2016-08-30,32.150001525878906,31.770000457763672,31.850000381469727,32.09000015258789,3211700.0,30.50452423095703
2016-08-31,32.119998931884766,31.81999969482422,32.09000015258789,32.060001373291016,2614800.0,30.476003646850586
2016-09-01,32.220001220703125,31.469999313354492,32.11000061035156,31.559999465942383,3592100.0,30.00070571899414
2016-09-02,32.119998931884766,31.549999237060547,31.780000686645508,31.610000610351562,3098600.0,30.048240661621094
2016-09-06,31.829999923706055,31.299999237060547,31.639999389648438,31.450000762939453,2809200.0,29.89614486694336
2016-09-07,32.189998626708984,31.40999984741211,31.40999984741211,32.02000045776367,3308200.0,30.43798065185547
2016-09-08,31.969999313354492,31.520000457763672,31.969999313354492,31.540000915527344,2895000.0,29.981693267822266
2016-09-09,31.25,29.989999771118164,31.229999542236328,30.219999313354492,4469300.0,28.72691535949707
2016-09-12,30.729999542236328,29.940000534057617,29.979999542236328,30.56999969482422,5251600.0,29.05961799621582
2016-09-13,30.969999313354492,29.860000610351562,30.81999969482422,30.030000686645508,6158400.0,28.546302795410156
2016-09-14,30.3700008392334,29.889999389648438,30.040000915527344,30.110000610351562,4542600.0,28.62234878540039
2016-09-15,30.56999969482422,29.950000762939453,30.110000610351562,30.469999313354492,4008100.0,28.964561462402344
2016-09-16,30.40999984741211,29.8799991607666,30.219999313354492,29.969999313354492,5200100.0,28.489267349243164
2016-09-19,30.899999618530273,30.18000030517578,30.18000030517578,30.459999084472656,3385500.0,28.955053329467773
2016-09-20,30.6299991607666,29.84000015258789,30.6299991607666,29.940000534057617,4736500.0,28.46074867248535
2016-09-21,30.299999237060547,29.639999389648438,29.979999542236328,30.260000228881836,4603300.0,28.76493263244629
2016-09-22,30.8700008392334,30.450000762939453,30.549999237060547,30.610000610351562,3348700.0,29.097644805908203
2016-09-23,30.75,30.18000030517578,30.5,30.18000030517578,3160900.0,28.688892364501953
2016-09-26,30.25,29.719999313354492,30.059999465942383,29.920000076293945,6189400.0,28.441736221313477
2016-09-27,30.260000228881836,29.760000228881836,29.889999389648438,30.020000457763672,3389200.0,28.536800384521484
2016-09-28,30.360000610351562,29.959999084472656,30.049999237060547,30.31999969482422,2505800.0,28.821977615356445
2016-09-29,30.6299991607666,30.059999465942383,30.3700008392334,30.139999389648438,4657600.0,28.650863647460938
2016-09-30,30.40999984741211,29.979999542236328,30.329999923706055,30.200000762939453,4380100.0,28.707904815673828
2016-10-03,30.170000076293945,29.850000381469727,30.059999465942383,30.079999923706055,2215800.0,28.593830108642578
2016-10-04,30.479999542236328,29.790000915527344,30.110000610351562,29.899999618530273,3894400.0,28.4227237701416
2016-10-05,30.3700008392334,30.020000457763672,30.079999923706055,30.079999923706055,2729600.0,28.593830108642578
2016-10-06,30.389999389648438,29.760000228881836,29.90999984741211,30.280000686645508,2286600.0,28.783952713012695
2016-10-07,30.6200008392334,29.530000686645508,30.329999923706055,29.600000381469727,3508400.0,28.137544631958008
2016-10-10,30.110000610351562,29.549999237060547,29.950000762939453,29.6200008392334,3651200.0,28.156557083129883
2016-10-11,29.649999618530273,29.049999237060547,29.56999969482422,29.200000762939453,2624400.0,27.757308959960938
2016-10-12,29.6200008392334,29.15999984741211,29.299999237060547,29.469999313354492,2869000.0,28.01396942138672
2016-10-13,29.200000762939453,28.709999084472656,29.190000534057617,28.8799991607666,4278700.0,27.4531192779541
2016-10-14,29.299999237060547,28.770000457763672,29.020000457763672,28.8799991607666,4698000.0,27.4531192779541
2016-10-17,29.229999542236328,28.68000030517578,28.920000076293945,28.799999237060547,4226900.0,27.377071380615234
2016-10-18,29.540000915527344,28.889999389648438,29.100000381469727,29.399999618530273,3438500.0,27.947423934936523
2016-10-19,29.770000457763672,29.18000030517578,29.530000686645508,29.729999542236328,4265200.0,28.261123657226562
2016-10-20,29.540000915527344,29.010000228881836,29.520000457763672,29.3700008392334,5191000.0,27.91891098022461
2016-10-21,29.280000686645508,28.989999771118164,29.1200008392334,29.079999923706055,4166400.0,27.64323616027832
2016-10-24,29.5,29.219999313354492,29.280000686645508,29.290000915527344,3031400.0,27.842859268188477
2016-10-25,29.100000381469727,28.600000381469727,29.100000381469727,28.809999465942383,3804600.0,27.386577606201172
2016-10-26,28.860000610351562,28.459999084472656,28.719999313354492,28.579999923706055,4861200.0,27.16794204711914
2016-10-27,28.760000228881836,27.780000686645508,28.670000076293945,28.059999465942383,5864400.0,26.673633575439453
2016-10-28,28.8700008392334,28.079999923706055,28.110000610351562,28.639999389648438,3198800.0,27.2249755859375
2016-10-31,29.020000457763672,28.670000076293945,28.729999542236328,28.829999923706055,2708700.0,27.40559196472168
2016-11-01,29.059999465942383,28.389999389648438,28.829999923706055,28.65999984741211,2565300.0,27.243989944458008
2016-11-02,28.850000381469727,28.31999969482422,28.649999618530273,28.610000610351562,2741500.0,27.196462631225586
2016-11-03,28.790000915527344,28.270000457763672,28.709999084472656,28.290000915527344,3992800.0,26.892271041870117
2016-11-04,29.360000610351562,28.200000762939453,28.31999969482422,28.75,6098300.0,27.32954216003418
2016-11-07,29.440000534057617,29.0,29.280000686645508,29.3700008392334,5300700.0,27.91891098022461
2016-11-08,28.219999313354492,27.18000030517578,27.799999237060547,27.770000457763672,12852100.0,26.39796257019043
2016-11-09,27.81999969482422,26.690000534057617,27.18000030517578,27.540000915527344,9241700.0,26.17932891845703
2016-11-10,28.139999389648438,27.190000534057617,27.6200008392334,27.520000457763672,13933200.0,26.16031265258789
2016-11-11,28.0,27.280000686645508,27.450000762939453,27.329999923706055,7925200.0,25.97970199584961
2016-11-14,27.979999542236328,27.309999465942383,27.5,27.969999313354492,5744400.0,26.588085174560547
2016-11-15,28.8700008392334,27.719999313354492,28.229999542236328,28.309999465942383,7138800.0,26.91128158569336
2016-11-16,28.260000228881836,27.700000762939453,28.209999084472656,27.790000915527344,3996300.0,26.416973114013672
2016-11-17,28.989999771118164,28.229999542236328,28.270000457763672,28.56999969482422,4667800.0,27.158437728881836
2016-11-18,28.84000015258789,28.459999084472656,28.559999465942383,28.540000915527344,3667400.0,27.129919052124023
2016-11-21,28.950000762939453,28.43000030517578,28.639999389648438,28.90999984741211,4262800.0,27.481637954711914
2016-11-22,29.030000686645508,28.579999923706055,28.959999084472656,28.719999313354492,2942900.0,27.301027297973633
2016-11-23,28.920000076293945,28.43000030517578,28.530000686645508,28.809999465942383,2338400.0,27.48226547241211
2016-11-25,29.030000686645508,28.780000686645508,28.8700008392334,28.8799991607666,1048800.0,27.549041748046875
2016-11-28,28.75,28.31999969482422,28.75,28.489999771118164,3167300.0,27.17701530456543
2016-11-29,29.06999969482422,28.489999771118164,28.549999237060547,28.84000015258789,3425700.0,27.510883331298828
2016-11-30,28.889999389648438,27.690000534057617,28.850000381469727,27.719999313354492,7376300.0,26.4424991607666
2016-12-01,27.81999969482422,27.209999084472656,27.729999542236328,27.309999465942383,5117900.0,26.051395416259766
2016-12-02,27.479999542236328,27.149999618530273,27.25,27.280000686645508,4258200.0,26.022783279418945
2016-12-05,27.780000686645508,27.18000030517578,27.459999084472656,27.510000228881836,5325600.0,26.24217987060547
2016-12-06,28.049999237060547,27.530000686645508,27.8799991607666,28.049999237060547,4543600.0,26.757293701171875
2016-12-07,28.81999969482422,27.959999084472656,28.020000457763672,28.780000686645508,3764800.0,27.45365333557129
2016-12-08,29.700000762939453,28.770000457763672,28.770000457763672,29.489999771118164,4741100.0,28.13092803955078
2016-12-09,29.459999084472656,28.510000228881836,29.459999084472656,28.860000610351562,4670500.0,27.529964447021484
2016-12-12,29.25,28.649999618530273,28.719999313354492,29.149999618530273,4764900.0,27.806598663330078
2016-12-13,29.56999969482422,29.049999237060547,29.5,29.25,3770700.0,27.901992797851562
2016-12-14,29.389999389648438,28.420000076293945,29.31999969482422,28.479999542236328,6875700.0,27.167478561401367
2016-12-15,28.989999771118164,27.809999465942383,28.5,27.889999389648438,6004800.0,26.604665756225586
2016-12-16,28.270000457763672,27.40999984741211,27.989999771118164,28.040000915527344,11500700.0,26.74775505065918
2016-12-19,28.739999771118164,27.93000030517578,28.219999313354492,28.020000457763672,5765100.0,26.72867202758789
2016-12-20,28.3700008392334,28.010000228881836,28.049999237060547,28.06999969482422,3986600.0,26.776371002197266
2016-12-21,28.420000076293945,28.020000457763672,28.020000457763672,28.149999618530273,2665300.0,26.852684020996094
2016-12-22,28.229999542236328,27.700000762939453,28.149999618530273,27.760000228881836,3168700.0,26.480661392211914
2016-12-23,27.920000076293945,27.479999542236328,27.8700008392334,27.559999465942383,2372900.0,26.28987693786621
2016-12-27,28.0,27.559999465942383,27.649999618530273,27.93000030517578,2320400.0,26.642826080322266
2016-12-28,28.030000686645508,27.479999542236328,28.0,27.610000610351562,2030600.0,26.33757209777832
2016-12-29,27.899999618530273,27.450000762939453,27.6299991607666,27.530000686645508,1852500.0,26.261259078979492
2016-12-30,27.719999313354492,27.219999313354492,27.610000610351562,27.329999923706055,3136200.0,26.070476531982422
2017-01-03,27.799999237060547,27.209999084472656,27.709999084472656,27.559999465942383,3225300.0,26.28987693786621
2017-01-04,28.469999313354492,27.6299991607666,27.75,28.229999542236328,7423300.0,26.92899513244629
2017-01-05,28.3799991607666,28.079999923706055,28.09000015258789,28.350000381469727,3815300.0,27.043468475341797
2017-01-06,28.43000030517578,27.799999237060547,28.209999084472656,27.850000381469727,5339500.0,26.566511154174805
2017-01-09,28.149999618530273,27.610000610351562,27.799999237060547,27.959999084472656,4461000.0,26.671438217163086
2017-01-10,28.3799991607666,27.8799991607666,28.139999389648438,28.149999618530273,3319900.0,26.852684020996094
2017-01-11,28.719999313354492,27.969999313354492,28.100000381469727,28.610000610351562,5440200.0,27.291488647460938
2017-01-12,28.75,27.979999542236328,28.510000228881836,28.690000534057617,4171300.0,27.367795944213867
2017-01-13,28.799999237060547,28.420000076293945,28.610000610351562,28.5,2360900.0,27.186552047729492
2017-01-17,28.760000228881836,28.25,28.399999618530273,28.56999969482422,3699900.0,27.253326416015625
2017-01-18,28.68000030517578,28.3700008392334,28.559999465942383,28.5,2951700.0,27.186552047729492
2017-01-19,28.81999969482422,27.969999313354492,28.530000686645508,28.010000228881836,4121800.0,26.719135284423828
2017-01-20,28.3799991607666,28.030000686645508,28.079999923706055,28.309999465942383,4869400.0,27.005311965942383
2017-01-23,28.860000610351562,28.329999923706055,28.399999618530273,28.739999771118164,6132700.0,27.415494918823242
2017-01-24,30.829999923706055,29.510000228881836,29.860000610351562,30.639999389648438,11197400.0,29.227930068969727
2017-01-25,31.65999984741211,30.700000762939453,30.90999984741211,31.3700008392334,7794500.0,29.924287796020508
2017-01-26,31.899999618530273,31.170000076293945,31.469999313354492,31.350000381469727,7853000.0,29.905208587646484
2017-01-27,31.479999542236328,30.829999923706055,31.440000534057617,30.940000534057617,4262600.0,29.51410675048828
2017-01-30,30.860000610351562,30.229999542236328,30.860000610351562,30.709999084472656,4935900.0,29.29470443725586
2017-01-31,30.6299991607666,29.780000686645508,30.610000610351562,29.90999984741211,7352000.0,28.531570434570312
2017-02-01,30.110000610351562,29.5,30.0,29.68000030517578,6006600.0,28.407150268554688
2017-02-02,30.139999389648438,29.6200008392334,29.81999969482422,29.8799991607666,5309800.0,28.59857177734375
2017-02-03,30.219999313354492,29.780000686645508,30.100000381469727,29.889999389648438,3184400.0,28.60814094543457
2017-02-06,29.989999771118164,29.469999313354492,29.860000610351562,29.489999771118164,4324300.0,28.22529411315918
2017-02-07,29.690000534057617,29.290000915527344,29.6299991607666,29.420000076293945,4037000.0,28.15829849243164
2017-02-08,29.93000030517578,29.3700008392334,29.459999084472656,29.889999389648438,3697600.0,28.60814094543457
2017-02-09,30.190000534057617,29.540000915527344,29.889999389648438,30.1200008392334,3483000.0,28.828275680541992
2017-02-10,30.959999084472656,30.149999618530273,30.200000762939453,30.81999969482422,4099600.0,29.49825668334961
2017-02-13,31.049999237060547,30.3700008392334,31.0,30.420000076293945,3376300.0,29.11541175842285
2017-02-14,30.450000762939453,29.950000762939453,30.200000762939453,30.110000610351562,4911400.0,28.818706512451172
2017-02-15,30.920000076293945,29.989999771118164,30.110000610351562,30.760000228881836,4986700.0,29.44083023071289
2017-02-16,30.899999618530273,30.3700008392334,30.760000228881836,30.43000030517578,2858600.0,29.12498664855957
2017-02-17,30.510000228881836,30.100000381469727,30.34000015258789,30.489999771118164,2349500.0,29.182411193847656
2017-02-21,30.979999542236328,30.510000228881836,30.600000381469727,30.899999618530273,3336700.0,29.574827194213867
2017-02-22,31.450000762939453,30.809999465942383,31.389999389648438,31.0,4162100.0,29.670536041259766
2017-02-23,31.209999084472656,30.709999084472656,31.100000381469727,30.979999542236328,3756600.0,29.651397705078125
2017-02-24,31.399999618530273,30.610000610351562,30.860000610351562,31.389999389648438,5569600.0,30.04380989074707
2017-02-27,32.04999923706055,31.270000457763672,31.389999389648438,32.029998779296875,5416400.0,30.6563663482666
2017-02-28,32.16999816894531,31.739999771118164,31.940000534057617,32.0,4648000.0,30.627653121948242
2017-03-01,32.88999938964844,32.209999084472656,32.22999954223633,32.599998474121094,4863900.0,31.201915740966797
2017-03-02,32.81999969482422,32.31999969482422,32.599998474121094,32.5099983215332,4019400.0,31.11577796936035
2017-03-03,32.599998474121094,31.90999984741211,32.38999938964844,32.54999923706055,4308600.0,31.154067993164062
2017-03-06,32.5099983215332,32.18000030517578,32.310001373291016,32.40999984741211,3170800.0,31.020071029663086
2017-03-07,33.06999969482422,32.310001373291016,32.47999954223633,32.849998474121094,5767200.0,31.44120216369629
2017-03-08,33.43000030517578,32.779998779296875,32.880001068115234,33.29999923706055,3877600.0,31.871896743774414
2017-03-09,33.630001068115234,32.689998626708984,33.290000915527344,33.04999923706055,4185200.0,31.632619857788086
2017-03-10,33.88999938964844,33.310001373291016,33.380001068115234,33.56999969482422,5293800.0,32.13032531738281
2017-03-13,33.689998626708984,33.13999938964844,33.599998474121094,33.18000030517578,4662500.0,31.75705337524414
2017-03-14,33.15999984741211,32.529998779296875,33.06999969482422,32.900001525878906,2580100.0,31.489059448242188
2017-03-15,33.470001220703125,32.689998626708984,33.18000030517578,33.27000045776367,3115600.0,31.843189239501953
2017-03-16,34.060001373291016,33.2400016784668,33.36000061035156,33.849998474121094,5062300.0,32.398311614990234
2017-03-17,33.93000030517578,33.529998779296875,33.81999969482422,33.65999984741211,4393000.0,32.216461181640625
2017-03-20,33.68000030517578,33.38999938964844,33.619998931884766,33.540000915527344,2334400.0,32.10161590576172
2017-03-21,33.650001525878906,32.81999969482422,33.650001525878906,33.15999984741211,4443900.0,31.737903594970703
2017-03-22,33.20000076293945,32.630001068115234,33.20000076293945,32.97999954223633,3942500.0,31.56562042236328
2017-03-23,33.4900016784668,32.90999984741211,33.040000915527344,33.25,3534700.0,31.824039459228516
2017-03-24,33.560001373291016,33.119998931884766,33.41999816894531,33.220001220703125,3298700.0,31.795331954956055
2017-03-27,33.220001220703125,32.66999816894531,32.77000045776367,33.04999923706055,3642500.0,31.632619857788086
2017-03-28,33.41999816894531,32.939998626708984,32.939998626708984,33.27000045776367,3393400.0,31.843189239501953
2017-03-29,33.47999954223633,33.0099983215332,33.189998626708984,33.369998931884766,3229200.0,31.93889617919922
2017-03-30,33.59000015258789,33.099998474121094,33.369998931884766,33.43000030517578,2391400.0,31.99633026123047
2017-03-31,33.4900016784668,33.2400016784668,33.400001525878906,33.310001373291016,2294700.0,31.881473541259766
2017-04-03,33.54999923706055,33.18000030517578,33.38999938964844,33.369998931884766,4068000.0,31.93889617919922
2017-04-04,33.38999938964844,33.130001068115234,33.2400016784668,33.290000915527344,2532300.0,31.862333297729492
2017-04-05,33.88999938964844,33.20000076293945,33.45000076293945,33.22999954223633,4097300.0,31.80489730834961
2017-04-06,33.459999084472656,33.06999969482422,33.20000076293945,33.290000915527344,2568300.0,31.862333297729492
2017-04-07,33.349998474121094,33.060001373291016,33.25,33.119998931884766,2001100.0,31.69961929321289
2017-04-10,33.61000061035156,33.040000915527344,33.119998931884766,33.189998626708984,2193100.0,31.76662254333496
2017-04-11,33.75,33.08000183105469,33.209999084472656,33.7400016784668,3367200.0,32.293025970458984
2017-04-12,33.720001220703125,33.310001373291016,33.70000076293945,33.439998626708984,2165500.0,32.005897521972656
2017-04-13,33.880001068115234,33.400001525878906,33.45000076293945,33.689998626708984,3440600.0,32.245174407958984
2017-04-17,34.22999954223633,33.77000045776367,33.810001373291016,34.15999984741211,4346300.0,32.69501495361328
2017-04-18,34.41999816894531,33.79999923706055,33.9900016784668,34.279998779296875,4048900.0,32.80986785888672
2017-04-19,34.540000915527344,33.849998474121094,34.38999938964844,33.95000076293945,5039100.0,32.49402618408203
2017-04-20,34.34000015258789,32.68000030517578,33.7599983215332,33.099998474121094,9944600.0,31.680479049682617
2017-04-21,33.27000045776367,32.619998931884766,33.04999923706055,32.869998931884766,6532000.0,31.460344314575195
2017-04-24,33.310001373291016,32.529998779296875,33.27000045776367,33.04999923706055,5242000.0,31.632619857788086
2017-04-25,32.880001068115234,31.979999542236328,32.849998474121094,32.650001525878906,7898000.0,31.249780654907227
2017-04-26,33.189998626708984,32.400001525878906,32.63999938964844,32.9900016784668,5159500.0,31.575199127197266
2017-04-27,33.349998474121094,32.79999923706055,33.040000915527344,33.25,3391200.0,31.824039459228516
2017-04-28,33.25,32.470001220703125,33.18000030517578,32.88999938964844,3273400.0,31.47948455810547
2017-05-01,33.18000030517578,32.650001525878906,33.0099983215332,32.75,3109700.0,31.34549331665039
2017-05-02,32.81999969482422,32.2400016784668,32.7599983215332,32.279998779296875,4297700.0,30.89564323425293
2017-05-03,32.630001068115234,32.189998626708984,32.189998626708984,32.380001068115234,5229500.0,31.087665557861328
2017-05-04,32.650001525878906,32.36000061035156,32.36000061035156,32.5099983215332,2441900.0,31.21247100830078
2017-05-05,32.68000030517578,32.33000183105469,32.63999938964844,32.599998474121094,2960700.0,31.298877716064453
2017-05-08,32.83000183105469,32.459999084472656,32.5,32.65999984741211,2012700.0,31.356487274169922
2017-05-09,33.290000915527344,32.63999938964844,32.72999954223633,33.209999084472656,3123000.0,31.884536743164062
2017-05-10,33.400001525878906,33.02000045776367,33.13999938964844,33.15999984741211,2368700.0,31.836528778076172
2017-05-11,33.34000015258789,32.84000015258789,33.09000015258789,33.25,2536400.0,31.92293357849121
2017-05-12,33.2599983215332,32.970001220703125,33.2400016784668,33.06999969482422,1469800.0,31.7501277923584
2017-05-15,33.59000015258789,33.060001373291016,33.150001525878906,33.45000076293945,5886900.0,32.114959716796875
2017-05-16,33.619998931884766,33.189998626708984,33.61000061035156,33.560001373291016,2283800.0,32.2205696105957
2017-05-17,33.560001373291016,32.849998474121094,33.560001373291016,32.86000061035156,2958700.0,31.548505783081055
2017-05-18,33.349998474121094,32.560001373291016,32.86000061035156,33.25,1988400.0,31.92293357849121
2017-05-19,33.939998626708984,33.25,33.349998474121094,33.790000915527344,2382300.0,32.44139099121094
2017-05-22,34.08000183105469,33.70000076293945,33.88999938964844,33.90999984741211,3273200.0,32.55659103393555
2017-05-23,34.38999938964844,33.27000045776367,34.099998474121094,33.369998931884766,3317800.0,32.03814697265625
2017-05-24,33.61000061035156,32.9900016784668,33.27000045776367,33.599998474121094,2865400.0,32.25897979736328
2017-05-25,33.7599983215332,33.02000045776367,33.720001220703125,33.220001220703125,2570500.0,31.894136428833008
2017-05-26,33.279998779296875,33.02000045776367,33.16999816894531,33.11000061035156,2343900.0,31.788524627685547
2017-05-30,33.13999938964844,32.650001525878906,33.060001373291016,32.93000030517578,2026800.0,31.61570930480957
2017-05-31,33.130001068115234,32.470001220703125,33.099998474121094,32.689998626708984,3070400.0,31.385286331176758
2017-06-01,33.11000061035156,32.529998779296875,32.7599983215332,33.099998474121094,3141600.0,31.778926849365234
2017-06-02,33.900001525878906,33.09000015258789,33.099998474121094,33.790000915527344,3018000.0,32.44139099121094
2017-06-05,33.880001068115234,33.15999984741211,33.75,33.290000915527344,3326700.0,31.961345672607422
2017-06-06,33.34000015258789,32.88999938964844,33.099998474121094,33.209999084472656,3138500.0,31.884536743164062
2017-06-07,33.900001525878906,33.189998626708984,33.209999084472656,33.70000076293945,8315200.0,32.354984283447266
2017-06-08,33.959999084472656,33.40999984741211,33.70000076293945,33.540000915527344,4588200.0,32.20137405395508
2017-06-09,33.81999969482422,33.25,33.619998931884766,33.619998931884766,3401600.0,32.27817153930664
2017-06-12,33.95000076293945,33.33000183105469,33.58000183105469,33.38999938964844,3632800.0,32.05735397338867
2017-06-13,34.189998626708984,33.310001373291016,33.45000076293945,33.97999954223633,3603400.0,32.62380599975586
2017-06-14,34.939998626708984,33.84000015258789,34.099998474121094,34.369998931884766,6314000.0,32.99823760986328
2017-06-15,34.38999938964844,33.7400016784668,34.119998931884766,33.81999969482422,5598400.0,32.470184326171875
2017-06-16,33.7400016784668,33.27000045776367,33.709999084472656,33.650001525878906,3902000.0,32.30698013305664
2017-06-19,34.04999923706055,33.619998931884766,33.7400016784668,33.849998474121094,2906900.0,32.498992919921875
2017-06-20,34.84000015258789,34.06999969482422,34.619998931884766,34.16999816894531,4682400.0,32.80622100830078
2017-06-21,34.29999923706055,33.5099983215332,33.77000045776367,33.970001220703125,3145000.0,32.614200592041016
2017-06-22,33.81999969482422,33.459999084472656,33.77000045776367,33.470001220703125,2033400.0,32.13416290283203
2017-06-23,34.13999938964844,33.52000045776367,33.779998779296875,33.880001068115234,3641100.0,32.527793884277344
2017-06-26,34.02000045776367,33.75,33.93000030517578,33.95000076293945,1409900.0,32.59500503540039
2017-06-27,34.2400016784668,33.650001525878906,33.95000076293945,33.77000045776367,2530100.0,32.422183990478516
2017-06-28,34.529998779296875,33.75,34.02000045776367,34.27000045776367,3428500.0,32.90222930908203
2017-06-29,34.209999084472656,33.58000183105469,34.209999084472656,33.790000915527344,2929700.0,32.44139099121094
2017-06-30,34.880001068115234,33.97999954223633,33.97999954223633,34.56999969482422,3967100.0,33.19025802612305
2017-07-03,34.900001525878906,34.34000015258789,34.900001525878906,34.36000061035156,1268500.0,32.98863983154297
2017-07-05,34.66999816894531,34.060001373291016,34.43000030517578,34.630001068115234,2742800.0,33.247859954833984
2017-07-06,34.619998931884766,34.310001373291016,34.540000915527344,34.4900016784668,6048900.0,33.11344909667969
2017-07-07,36.04999923706055,34.619998931884766,34.619998931884766,35.790000915527344,7295700.0,34.361568450927734
2017-07-10,37.43000030517578,35.7599983215332,35.88999938964844,37.16999816894531,15457300.0,35.68648910522461
2017-07-11,37.06999969482422,36.349998474121094,36.900001525878906,36.97999954223633,7934900.0,35.50407028198242
2017-07-12,37.439998626708984,36.20000076293945,37.2599983215332,36.58000183105469,4591000.0,35.12003707885742
2017-07-13,36.97999954223633,36.400001525878906,36.68000030517578,36.5,3770400.0,35.0432243347168
2017-07-14,37.04999923706055,36.54999923706055,36.58000183105469,36.70000076293945,2422000.0,35.23524475097656
2017-07-17,37.06999969482422,36.59000015258789,36.7599983215332,36.68000030517578,1886900.0,35.21604537963867
2017-07-18,36.7400016784668,35.90999984741211,36.58000183105469,36.40999984741211,4026000.0,34.956817626953125
2017-07-19,36.849998474121094,36.349998474121094,36.4900016784668,36.63999938964844,2618900.0,35.17763900756836
2017-07-20,36.66999816894531,36.02000045776367,36.630001068115234,36.33000183105469,3110300.0,34.8800048828125
2017-07-21,37.060001373291016,36.29999923706055,36.29999923706055,36.61000061035156,2650100.0,35.148841857910156
2017-07-24,36.63999938964844,36.2400016784668,36.529998779296875,36.560001373291016,2113800.0,35.100833892822266
2017-07-25,37.189998626708984,36.52000045776367,36.650001525878906,37.0,4532700.0,35.52326965332031
2017-07-26,36.77000045776367,35.54999923706055,36.77000045776367,36.290000915527344,4902600.0,34.841617584228516
2017-07-27,36.43000030517578,35.959999084472656,36.369998931884766,36.06999969482422,4719700.0,34.63038635253906
2017-07-28,36.279998779296875,35.470001220703125,36.06999969482422,35.849998474121094,3593800.0,34.41917037963867
2017-07-31,36.15999984741211,35.45000076293945,35.93000030517578,35.689998626708984,3896300.0,34.26555252075195
2017-08-01,36.2599983215332,35.529998779296875,35.7599983215332,36.08000183105469,3588300.0,34.639984130859375
2017-08-02,36.58000183105469,35.880001068115234,36.20000076293945,36.45000076293945,4164400.0,34.99522399902344
2017-08-03,36.40999984741211,35.81999969482422,36.349998474121094,36.33000183105469,5040500.0,34.8800048828125
2017-08-04,36.7599983215332,36.380001068115234,36.439998626708984,36.59000015258789,2346600.0,35.1296272277832
2017-08-07,36.63999938964844,36.27000045776367,36.54999923706055,36.40999984741211,2810300.0,35.052616119384766
2017-08-08,36.54999923706055,36.130001068115234,36.400001525878906,36.25,3885000.0,34.898582458496094
2017-08-09,36.54999923706055,36.0,36.220001220703125,36.369998931884766,3948400.0,35.01411437988281
2017-08-10,36.29999923706055,35.869998931884766,36.189998626708984,35.88999938964844,2472400.0,34.551998138427734
2017-08-11,36.20000076293945,35.66999816894531,35.83000183105469,36.09000015258789,1877800.0,34.74454879760742
2017-08-14,36.79999923706055,36.130001068115234,36.29999923706055,36.619998931884766,2064900.0,35.254783630371094
2017-08-15,36.9900016784668,36.349998474121094,36.650001525878906,36.779998779296875,2678600.0,35.4088249206543
2017-08-16,36.97999954223633,36.54999923706055,36.880001068115234,36.83000183105469,1603100.0,35.45695877075195
2017-08-17,36.88999938964844,36.029998779296875,36.7400016784668,36.04999923706055,2243400.0,34.70603942871094
2017-08-18,36.0,35.630001068115234,35.849998474121094,35.689998626708984,2609100.0,34.35945510864258
2017-08-21,35.970001220703125,35.5,35.65999984741211,35.779998779296875,1921700.0,34.44610595703125
2017-08-22,35.81999969482422,35.29999923706055,35.72999954223633,35.56999969482422,2681300.0,34.24393844604492
2017-08-23,35.7400016784668,35.18000030517578,35.45000076293945,35.439998626708984,3306500.0,34.1187744140625
2017-08-24,35.689998626708984,35.34000015258789,35.56999969482422,35.380001068115234,3198500.0,34.06101989746094
2017-08-25,35.95000076293945,35.400001525878906,35.599998474121094,35.779998779296875,2993900.0,34.44610595703125
2017-08-28,35.95000076293945,35.18000030517578,35.810001373291016,35.310001373291016,3213200.0,33.99363708496094
2017-08-29,35.5,34.95000076293945,35.0099983215332,35.279998779296875,3194200.0,33.96474075317383
2017-08-30,35.65999984741211,35.040000915527344,35.27000045776367,35.439998626708984,2878300.0,34.1187744140625
2017-08-31,36.22999954223633,35.47999954223633,35.56999969482422,36.150001525878906,3532700.0,34.80230712890625
2017-09-01,36.470001220703125,36.09000015258789,36.2599983215332,36.2400016784668,1596800.0,34.88895797729492
2017-09-05,36.27000045776367,35.290000915527344,36.18000030517578,35.709999084472656,2550000.0,34.37871551513672
2017-09-06,36.119998931884766,35.43000030517578,35.779998779296875,36.099998474121094,4399200.0,34.75417709350586
2017-09-07,36.22999954223633,35.81999969482422,36.22999954223633,35.970001220703125,3547100.0,34.62902069091797
2017-09-08,36.47999954223633,35.75,35.91999816894531,36.25,3741400.0,34.898582458496094
2017-09-11,37.09000015258789,36.20000076293945,36.41999816894531,36.93000030517578,4833100.0,35.5532341003418
2017-09-12,37.779998779296875,36.900001525878906,37.0,37.7400016784668,4650000.0,36.33304214477539
2017-09-13,37.68000030517578,36.38999938964844,37.650001525878906,37.15999984741211,7766300.0,35.774654388427734
2017-09-14,37.47999954223633,36.630001068115234,36.91999816894531,37.33000183105469,5949100.0,35.93832015991211
2017-09-15,37.380001068115234,36.88999938964844,37.22999954223633,37.16999816894531,5452100.0,35.78428649902344
2017-09-18,37.630001068115234,37.150001525878906,37.209999084472656,37.4900016784668,4623500.0,36.09236145019531
2017-09-19,37.779998779296875,37.369998931884766,37.41999816894531,37.56999969482422,4713000.0,36.169376373291016
2017-09-20,37.61000061035156,36.790000915527344,37.560001373291016,37.04999923706055,4139400.0,35.66876220703125
2017-09-21,37.150001525878906,36.689998626708984,37.040000915527344,36.86000061035156,2653200.0,35.485843658447266
2017-09-22,37.130001068115234,36.720001220703125,36.880001068115234,36.900001525878906,3201200.0,35.52435302734375
2017-09-25,37.150001525878906,36.560001373291016,36.70000076293945,37.08000183105469,3074400.0,35.6976432800293
2017-09-26,37.61000061035156,37.16999816894531,37.20000076293945,37.439998626708984,3708300.0,36.04421615600586
2017-09-27,38.220001220703125,37.33000183105469,37.68000030517578,38.150001525878906,7984900.0,36.727752685546875
2017-09-28,39.0099983215332,38.02000045776367,38.099998474121094,38.97999954223633,9560600.0,37.52680969238281
2017-09-29,40.0099983215332,39.099998474121094,39.290000915527344,39.93000030517578,9041700.0,38.4413948059082
2017-10-02,40.369998931884766,39.70000076293945,40.369998931884766,39.97999954223633,6194700.0,38.48952865600586
2017-10-03,40.63999938964844,39.84000015258789,40.13999938964844,40.27000045776367,7443100.0,38.768714904785156
2017-10-04,40.849998474121094,40.150001525878906,40.349998474121094,40.84000015258789,4156600.0,39.31746292114258
2017-10-05,41.060001373291016,40.52000045776367,40.810001373291016,40.619998931884766,3681500.0,39.10566329956055
2017-10-06,41.29999923706055,40.650001525878906,40.709999084472656,41.08000183105469,4131700.0,39.54852294921875
2017-10-09,41.45000076293945,40.959999084472656,41.08000183105469,41.22999954223633,3540600.0,39.69292449951172
2017-10-10,41.5099983215332,40.810001373291016,41.36000061035156,41.279998779296875,2726100.0,39.741058349609375
2017-10-11,41.56999969482422,41.15999984741211,41.25,41.47999954223633,2005000.0,39.93360137939453
2017-10-12,41.540000915527344,41.2599983215332,41.36000061035156,41.279998779296875,2865300.0,39.741058349609375
2017-10-13,41.5099983215332,41.25,41.349998474121094,41.34000015258789,2126200.0,39.798824310302734
2017-10-16,41.61000061035156,41.25,41.5,41.369998931884766,1818600.0,39.827701568603516
2017-10-17,41.63999938964844,40.9900016784668,41.380001068115234,41.4900016784668,2979900.0,39.9432373046875
2017-10-18,41.599998474121094,41.06999969482422,41.4900016784668,41.5099983215332,3648700.0,39.962486267089844
2017-10-19,42.59000015258789,41.25,41.400001525878906,42.529998779296875,4084000.0,40.9444580078125
2017-10-20,43.040000915527344,42.619998931884766,42.70000076293945,42.66999816894531,3634200.0,41.07923889160156
2017-10-23,43.470001220703125,42.83000183105469,43.04999923706055,42.869998931884766,3926300.0,41.27178192138672
2017-10-24,43.45000076293945,42.880001068115234,43.06999969482422,43.31999969482422,3796400.0,41.705013275146484
2017-10-25,43.81999969482422,42.91999816894531,43.650001525878906,43.2599983215332,3428300.0,41.64724349975586
2017-10-26,44.060001373291016,43.31999969482422,43.599998474121094,44.0,3086700.0,42.35966110229492
2017-10-27,44.400001525878906,43.709999084472656,44.02000045776367,44.29999923706055,2482400.0,42.648475646972656
2017-10-30,44.58000183105469,43.72999954223633,44.220001220703125,44.310001373291016,3827800.0,42.658103942871094
2017-10-31,44.56999969482422,44.11000061035156,44.349998474121094,44.209999084472656,4224500.0,42.56182861328125
2017-11-01,44.91999816894531,44.369998931884766,44.459999084472656,44.72999954223633,3436800.0,43.062442779541016
2017-11-02,44.869998931884766,43.099998474121094,44.75,44.630001068115234,6204000.0,42.96617126464844
2017-11-03,44.90999984741211,44.310001373291016,44.59000015258789,44.31999969482422,3547700.0,42.667728424072266
2017-11-06,44.9900016784668,44.27000045776367,44.45000076293945,44.84000015258789,3484300.0,43.16834259033203
2017-11-07,45.5,44.790000915527344,44.959999084472656,44.95000076293945,3783100.0,43.27423858642578
2017-11-08,45.779998779296875,44.630001068115234,44.7400016784668,45.40999984741211,5728900.0,43.717098236083984
2017-11-09,46.779998779296875,44.310001373291016,44.599998474121094,45.9900016784668,9955800.0,44.27547073364258
2017-11-10,46.79999923706055,45.529998779296875,46.79999923706055,46.0,8271800.0,44.28509521484375
2017-11-13,47.290000915527344,45.810001373291016,45.91999816894531,47.09000015258789,5762300.0,45.3344612121582
2017-11-14,47.90999984741211,46.56999969482422,46.86000061035156,47.63999938964844,4560800.0,45.86396408081055
2017-11-15,47.79999923706055,46.93000030517578,47.470001220703125,47.529998779296875,3473700.0,45.758056640625
2017-11-16,47.900001525878906,47.380001068115234,47.58000183105469,47.52000045776367,4211100.0,45.748435974121094
2017-11-17,48.310001373291016,47.40999984741211,47.43000030517578,48.130001068115234,3078600.0,46.335693359375
2017-11-20,48.56999969482422,47.9900016784668,48.209999084472656,48.20000076293945,4630800.0,46.403079986572266
2017-11-21,49.540000915527344,48.630001068115234,48.7400016784668,49.349998474121094,5487100.0,47.51020812988281
2017-11-22,49.66999816894531,49.0,49.29999923706055,49.58000183105469,4039800.0,47.73163604736328
2017-11-24,50.060001373291016,49.560001373291016,49.619998931884766,50.0,1366400.0,48.1359748840332
2017-11-27,50.0,49.38999938964844,50.0,49.470001220703125,3753900.0,47.625736236572266
2017-11-28,50.13999938964844,49.2599983215332,49.540000915527344,50.11000061035156,5216500.0,48.24187469482422
2017-11-29,50.95000076293945,49.790000915527344,50.11000061035156,50.65999984741211,4073700.0,48.771366119384766
2017-11-30,51.529998779296875,50.540000915527344,50.72999954223633,51.0,4194200.0,49.22014617919922
2017-12-01,51.209999084472656,49.16999816894531,50.95000076293945,50.43000030517578,4203700.0,48.670040130615234
2017-12-04,51.470001220703125,50.529998779296875,51.369998931884766,50.58000183105469,4122300.0,48.81480407714844
2017-12-05,50.79999923706055,49.25,49.650001525878906,50.2400016784668,4400300.0,48.48667526245117
2017-12-06,50.560001373291016,49.619998931884766,50.02000045776367,49.709999084472656,4999100.0,47.97516632080078
2017-12-07,50.7599983215332,49.40999984741211,50.15999984741211,50.15999984741211,3927600.0,48.409454345703125
2017-12-08,50.939998626708984,49.849998474121094,49.849998474121094,50.779998779296875,3109000.0,49.00782012939453
2017-12-11,50.97999954223633,50.25,50.810001373291016,50.470001220703125,3459600.0,48.70863723754883
2017-12-12,50.880001068115234,49.849998474121094,49.959999084472656,50.0,3755400.0,48.25505065917969
2017-12-13,50.34000015258789,49.790000915527344,50.209999084472656,49.810001373291016,3685500.0,48.071678161621094
2017-12-14,50.86000061035156,49.849998474121094,50.060001373291016,50.34000015258789,3708200.0,48.58317565917969
2017-12-15,50.810001373291016,50.33000183105469,50.47999954223633,50.58000183105469,6087800.0,48.81480407714844
2017-12-18,51.619998931884766,51.060001373291016,51.11000061035156,51.45000076293945,2893600.0,49.65443801879883
2017-12-19,51.790000915527344,50.7599983215332,51.58000183105469,50.79999923706055,3101600.0,49.02711868286133
2017-12-20,51.25,50.540000915527344,50.97999954223633,50.779998779296875,3941400.0,49.00782012939453
2017-12-21,51.220001220703125,50.7400016784668,50.81999969482422,50.93000030517578,2735600.0,49.152584075927734
2017-12-22,51.29999923706055,50.79999923706055,51.040000915527344,50.83000183105469,2360800.0,49.05607223510742
2017-12-26,51.04999923706055,50.790000915527344,50.86000061035156,50.970001220703125,1178200.0,49.191200256347656
2017-12-27,51.31999969482422,50.880001068115234,51.0099983215332,51.02000045776367,2596400.0,49.239444732666016
2017-12-28,51.380001068115234,50.9900016784668,51.09000015258789,51.34000015258789,1453400.0,49.548274993896484
2017-12-29,51.83000183105469,51.0,51.52000045776367,51.06999969482422,1926800.0,49.287696838378906
2018-01-02,51.470001220703125,50.400001525878906,51.369998931884766,51.060001373291016,3356400.0,49.27805709838867
2018-01-03,52.97999954223633,51.279998779296875,51.279998779296875,52.86000061035156,4104500.0,51.01523208618164
2018-01-04,53.31999969482422,51.68000030517578,53.08000183105469,52.06999969482422,3087000.0,50.2527961730957
2018-01-05,52.5099983215332,51.939998626708984,52.400001525878906,52.4900016784668,2732500.0,50.658145904541016
2018-01-08,53.189998626708984,52.52000045776367,52.65999984741211,52.869998931884766,3389100.0,51.024879455566406
2018-01-09,53.2400016784668,52.349998474121094,53.0,52.83000183105469,3474000.0,50.98627853393555
2018-01-10,52.59000015258789,50.84000015258789,52.59000015258789,50.970001220703125,4583900.0,49.191200256347656
2018-01-11,52.290000915527344,51.310001373291016,51.45000076293945,52.040000915527344,4170700.0,50.22385025024414
2018-01-12,52.369998931884766,51.709999084472656,52.2400016784668,51.90999984741211,1781100.0,50.098384857177734
2018-01-16,52.060001373291016,50.810001373291016,52.0,50.83000183105469,2336100.0,49.05607223510742
2018-01-17,52.15999984741211,51.040000915527344,51.220001220703125,52.099998474121094,2935800.0,50.28175354003906
2018-01-18,52.45000076293945,50.849998474121094,52.2599983215332,50.939998626708984,3931900.0,49.162235260009766
2018-01-19,51.52000045776367,50.689998626708984,51.209999084472656,51.47999954223633,3502900.0,49.683387756347656
2018-01-22,52.40999984741211,51.130001068115234,51.72999954223633,52.369998931884766,4770800.0,50.54233169555664
2018-01-23,52.630001068115234,51.77000045776367,52.52000045776367,52.380001068115234,3872300.0,50.55198287963867
2018-01-24,52.7400016784668,51.40999984741211,52.400001525878906,51.849998474121094,3310700.0,50.04047393798828
2018-01-25,51.95000076293945,49.83000183105469,51.90999984741211,50.349998474121094,7394200.0,48.592830657958984
2018-01-26,51.0099983215332,50.040000915527344,50.68000030517578,50.349998474121094,4982600.0,48.592830657958984
2018-01-29,50.25,48.18000030517578,50.06999969482422,48.31999969482422,9399900.0,46.633670806884766
2018-01-30,48.720001220703125,47.13999938964844,47.790000915527344,48.529998779296875,8820300.0,46.836341857910156
2018-01-31,51.2400016784668,48.380001068115234,50.5099983215332,49.04999923706055,10727100.0,47.33819580078125
2018-02-01,49.279998779296875,47.810001373291016,48.459999084472656,48.08000183105469,6072700.0,46.40205001831055
2018-02-02,47.70000076293945,46.18000030517578,47.59000015258789,46.369998931884766,7556700.0,44.75171661376953
2018-02-05,46.869998931884766,44.400001525878906,45.7400016784668,44.7400016784668,7225400.0,43.17861557006836
2018-02-06,46.310001373291016,43.40999984741211,43.939998626708984,46.11000061035156,8093200.0,44.50080108642578
2018-02-07,47.43000030517578,45.869998931884766,46.0,46.290000915527344,8490300.0,44.674522399902344
2018-02-08,46.5,44.540000915527344,46.290000915527344,44.54999923706055,6733800.0,42.9952392578125
2018-02-09,45.34000015258789,43.61000061035156,45.02000045776367,44.08000183105469,9567400.0,42.541648864746094
2018-02-12,45.20000076293945,44.099998474121094,44.65999984741211,44.84000015258789,7880100.0,43.275123596191406
2018-02-13,45.13999938964844,44.369998931884766,44.77000045776367,44.849998474121094,5842400.0,43.284767150878906
2018-02-14,45.7400016784668,44.47999954223633,44.56999969482422,45.41999816894531,5377600.0,43.834877014160156
2018-02-15,45.900001525878906,44.630001068115234,45.900001525878906,45.11000061035156,7143500.0,43.53569412231445
2018-02-16,46.060001373291016,45.13999938964844,45.16999816894531,45.56999969482422,6271700.0,43.97964859008789
2018-02-20,45.84000015258789,44.93000030517578,45.560001373291016,45.15999984741211,5088400.0,43.58395004272461
2018-02-21,46.470001220703125,44.900001525878906,45.220001220703125,44.93000030517578,5067200.0,43.36198425292969
2018-02-22,45.06999969482422,44.15999984741211,44.93000030517578,44.2599983215332,3527200.0,42.83453369140625
2018-02-23,44.4900016784668,43.5099983215332,44.310001373291016,44.470001220703125,3901200.0,43.03776931762695
2018-02-26,44.84000015258789,43.709999084472656,44.77000045776367,44.29999923706055,4796000.0,42.87324523925781
2018-02-27,45.18000030517578,43.34000015258789,44.45000076293945,43.349998474121094,4954100.0,41.95384216308594
2018-02-28,43.63999938964844,41.900001525878906,43.40999984741211,41.900001525878906,9253700.0,40.55054473876953
2018-03-01,42.5,41.43000030517578,42.13999938964844,42.279998779296875,9601400.0,40.91830062866211
2018-03-02,42.16999816894531,41.34000015258789,41.84000015258789,42.04999923706055,4976000.0,40.69571304321289
2018-03-05,42.619998931884766,41.7400016784668,41.810001373291016,42.220001220703125,4592900.0,40.8602409362793
2018-03-06,43.47999954223633,42.0,42.5,43.439998626708984,5429300.0,42.04094696044922
2018-03-07,43.81999969482422,43.029998779296875,43.43000030517578,43.45000076293945,3937200.0,42.05062484741211
2018-03-08,43.599998474121094,42.709999084472656,43.58000183105469,43.59000015258789,4176300.0,42.18610763549805
2018-03-09,43.88999938964844,43.02000045776367,43.84000015258789,43.79999923706055,2777500.0,42.389347076416016
2018-03-12,44.5,43.7599983215332,43.880001068115234,44.34000015258789,2671800.0,42.91195297241211
2018-03-13,45.20000076293945,44.59000015258789,44.599998474121094,44.7599983215332,5324400.0,43.31843185424805
2018-03-14,45.08000183105469,44.20000076293945,45.08000183105469,44.38999938964844,4958000.0,42.96034240722656
2018-03-15,44.52000045776367,43.209999084472656,44.38999938964844,43.45000076293945,2973100.0,42.05062484741211
2018-03-16,43.970001220703125,43.22999954223633,43.380001068115234,43.7599983215332,3355400.0,42.35063552856445
2018-03-19,43.68000030517578,42.849998474121094,43.619998931884766,43.540000915527344,2527900.0,42.137725830078125
2018-03-20,43.900001525878906,43.150001525878906,43.58000183105469,43.18000030517578,1316600.0,41.78932189941406
2018-03-21,44.65999984741211,43.279998779296875,43.5,44.439998626708984,4966200.0,43.00873565673828
2018-03-22,44.68000030517578,43.45000076293945,43.9900016784668,43.560001373291016,3395500.0,42.15707778930664
2018-03-23,44.61000061035156,43.20000076293945,44.04999923706055,43.29999923706055,3678400.0,41.905452728271484
2018-03-26,44.900001525878906,43.810001373291016,44.630001068115234,44.68000030517578,4414300.0,43.24100875854492
2018-03-27,44.91999816894531,43.38999938964844,44.70000076293945,43.77000045776367,4228500.0,42.36031723022461
2018-03-28,44.06999969482422,43.0099983215332,43.81999969482422,43.279998779296875,3117300.0,41.88609313964844
2018-03-29,44.040000915527344,43.290000915527344,43.4900016784668,43.84000015258789,3396100.0,42.42805862426758
2018-04-02,43.66999816894531,41.65999984741211,43.619998931884766,42.310001373291016,4287900.0,40.94733428955078
2018-04-03,42.970001220703125,41.75,42.470001220703125,42.880001068115234,4451600.0,41.49898147583008
2018-04-04,45.88999938964844,42.45000076293945,42.45000076293945,45.630001068115234,6552600.0,44.16041564941406
2018-04-05,47.0,45.77000045776367,45.880001068115234,46.560001373291016,4682900.0,45.06045913696289
2018-04-06,46.95000076293945,44.790000915527344,46.34000015258789,45.349998474121094,3366500.0,43.889434814453125
2018-04-09,45.849998474121094,44.939998626708984,45.52000045776367,45.08000183105469,2323500.0,43.62813186645508
2018-04-10,45.970001220703125,45.060001373291016,45.630001068115234,45.33000183105469,3791800.0,43.87008285522461
2018-04-11,45.40999984741211,44.369998931884766,45.0,44.52000045776367,2829800.0,43.086151123046875
2018-04-12,44.7599983215332,43.79999923706055,44.720001220703125,44.220001220703125,3866700.0,42.79582595825195
2018-04-13,44.900001525878906,44.0099983215332,44.529998779296875,44.47999954223633,4194200.0,43.047447204589844
2018-04-16,45.2400016784668,44.38999938964844,44.79999923706055,44.790000915527344,2311000.0,43.34745788574219
2018-04-17,45.599998474121094,45.0099983215332,45.2400016784668,45.43000030517578,3840800.0,43.96685028076172
2018-04-18,46.04999923706055,45.22999954223633,45.63999938964844,45.56999969482422,3197400.0,44.10234832763672
2018-04-19,45.43000030517578,42.790000915527344,45.43000030517578,43.7599983215332,7345400.0,42.35063552856445
2018-04-20,44.209999084472656,42.95000076293945,43.7599983215332,43.0099983215332,4846100.0,41.624794006347656
2018-04-23,43.59000015258789,42.619998931884766,43.08000183105469,43.470001220703125,3949900.0,42.06998062133789
2018-04-24,44.91999816894531,43.43000030517578,44.119998931884766,43.7400016784668,5673600.0,42.33128356933594
2018-04-25,45.150001525878906,43.459999084472656,43.75,44.93000030517578,6302000.0,43.48295593261719
2018-04-26,46.0,42.95000076293945,45.27000045776367,45.470001220703125,7143400.0,44.00556564331055
2018-04-27,46.279998779296875,44.970001220703125,45.529998779296875,45.130001068115234,4014900.0,43.676517486572266
2018-04-30,45.38999938964844,44.130001068115234,45.130001068115234,44.13999938964844,3422900.0,42.7183952331543
2018-05-01,44.45000076293945,43.619998931884766,44.0,44.2400016784668,3406400.0,42.815189361572266
2018-05-02,44.58000183105469,43.5099983215332,44.22999954223633,43.61000061035156,3394500.0,42.205467224121094
2018-05-03,44.56999969482422,43.04999923706055,43.7400016784668,44.38999938964844,6870100.0,42.96034240722656
2018-05-04,44.88999938964844,43.779998779296875,44.150001525878906,44.709999084472656,2165900.0,43.27004623413086
2018-05-07,45.209999084472656,44.619998931884766,44.900001525878906,44.9900016784668,2847200.0,43.541019439697266
2018-05-08,45.290000915527344,44.5,44.91999816894531,44.91999816894531,2152300.0,43.47327423095703
2018-05-09,45.119998931884766,43.25,44.900001525878906,43.630001068115234,4168800.0,42.22482681274414
2018-05-10,44.43000030517578,43.630001068115234,43.65999984741211,43.869998931884766,2533800.0,42.57907485961914
2018-05-11,44.400001525878906,43.66999816894531,43.75,43.869998931884766,2395000.0,42.57907485961914
2018-05-14,44.20000076293945,43.40999984741211,44.09000015258789,43.5099983215332,5257300.0,42.229679107666016
2018-05-15,42.88999938964844,40.279998779296875,42.810001373291016,40.58000183105469,10975700.0,39.385902404785156
2018-05-16,41.040000915527344,39.970001220703125,40.439998626708984,40.970001220703125,6701900.0,39.7644157409668
2018-05-17,41.619998931884766,40.88999938964844,40.900001525878906,41.38999938964844,4026400.0,40.172061920166016
2018-05-18,41.95000076293945,41.2599983215332,41.4900016784668,41.84000015258789,2952900.0,40.60881805419922
2018-05-21,42.41999816894531,41.5,42.060001373291016,41.619998931884766,3883500.0,40.39529037475586
2018-05-22,41.439998626708984,40.470001220703125,41.20000076293945,40.869998931884766,3744800.0,39.667362213134766
2018-05-23,41.939998626708984,40.630001068115234,40.720001220703125,41.54999923706055,3718800.0,40.327354431152344
2018-05-24,42.33000183105469,41.15999984741211,41.75,41.79999923706055,5024800.0,40.56999969482422
2018-05-25,43.060001373291016,41.7599983215332,41.7599983215332,42.65999984741211,3126000.0,41.40468978881836
2018-05-29,43.58000183105469,42.18000030517578,42.18000030517578,43.029998779296875,4838800.0,41.763797760009766
2018-05-30,43.459999084472656,42.31999969482422,43.34000015258789,42.38999938964844,4198100.0,41.142635345458984
2018-05-31,42.77000045776367,42.18000030517578,42.47999954223633,42.209999084472656,5071500.0,40.96792984008789
2018-06-01,42.5,41.849998474121094,42.439998626708984,42.209999084472656,3009900.0,40.96792984008789
2018-06-04,42.790000915527344,42.0,42.63999938964844,42.09000015258789,3286500.0,40.851463317871094
2018-06-05,42.72999954223633,41.90999984741211,42.04999923706055,41.9900016784668,2956600.0,40.75440979003906
2018-06-06,42.369998931884766,41.189998626708984,41.97999954223633,42.34000015258789,3661400.0,41.09410858154297
2018-06-07,42.86000061035156,42.150001525878906,42.470001220703125,42.439998626708984,3059300.0,41.191165924072266
2018-06-08,44.63999938964844,42.31999969482422,42.439998626708984,44.189998626708984,6697600.0,42.88966751098633
2018-06-11,44.599998474121094,43.529998779296875,44.189998626708984,44.04999923706055,3031400.0,42.75379180908203
2018-06-12,45.0,44.09000015258789,44.150001525878906,44.91999816894531,3612000.0,43.59818649291992
2018-06-13,44.560001373291016,42.36000061035156,44.560001373291016,43.040000915527344,7298100.0,41.77350997924805
2018-06-14,43.290000915527344,42.59000015258789,43.02000045776367,43.08000183105469,3651900.0,41.81232833862305
2018-06-15,43.2400016784668,42.0099983215332,43.060001373291016,42.84000015258789,6097700.0,41.57939147949219
2018-06-18,43.31999969482422,41.4900016784668,42.52000045776367,41.93000030517578,5366300.0,40.69617462158203
2018-06-19,42.380001068115234,41.5,41.689998626708984,41.709999084472656,3482600.0,40.482643127441406
2018-06-20,42.02000045776367,40.529998779296875,41.59000015258789,41.779998779296875,4126300.0,40.55058288574219
2018-06-21,41.95000076293945,41.220001220703125,41.790000915527344,41.310001373291016,2634300.0,40.09442138671875
2018-06-22,41.439998626708984,40.41999816894531,41.31999969482422,40.75,4283400.0,39.5508918762207
2018-06-25,40.7599983215332,39.77000045776367,40.459999084472656,40.060001373291016,3906600.0,38.88119888305664
2018-06-26,41.869998931884766,40.279998779296875,41.150001525878906,40.45000076293945,4058900.0,39.259727478027344
2018-06-27,40.77000045776367,39.90999984741211,40.65999984741211,40.09000015258789,4360800.0,38.910316467285156
2018-06-28,40.5099983215332,39.33000183105469,40.029998779296875,40.459999084472656,5000400.0,39.26942443847656
2018-06-29,41.61000061035156,40.81999969482422,41.06999969482422,41.0,4512700.0,39.79353713989258
2018-07-02,41.099998474121094,40.34000015258789,40.779998779296875,41.06999969482422,2965100.0,39.861480712890625
2018-07-03,41.63999938964844,40.95000076293945,41.22999954223633,41.119998931884766,1775200.0,39.910003662109375
2018-07-05,41.5099983215332,40.83000183105469,41.41999816894531,41.33000183105469,3081300.0,40.11383056640625
2018-07-06,41.7400016784668,40.90999984741211,41.41999816894531,41.41999816894531,2569800.0,40.201175689697266
2018-07-09,42.130001068115234,41.4900016784668,41.720001220703125,41.81999969482422,3249700.0,40.58940505981445
2018-07-10,42.09000015258789,41.279998779296875,41.900001525878906,41.529998779296875,3254300.0,40.30794143676758
2018-07-11,41.63999938964844,41.13999938964844,41.25,41.15999984741211,2255700.0,39.94882583618164
2018-07-12,41.970001220703125,40.630001068115234,41.349998474121094,41.65999984741211,5003900.0,40.434120178222656
2018-07-13,41.7400016784668,41.150001525878906,41.5,41.470001220703125,3689500.0,40.24971389770508
2018-07-16,42.09000015258789,40.97999954223633,41.459999084472656,41.97999954223633,3769600.0,40.74469757080078
2018-07-17,43.349998474121094,41.880001068115234,41.91999816894531,43.220001220703125,5072500.0,41.948211669921875
2018-07-18,43.34000015258789,42.4900016784668,42.79999923706055,43.25,2918400.0,41.97732925415039
2018-07-19,43.720001220703125,43.060001373291016,43.20000076293945,43.279998779296875,3049800.0,42.00644302368164
2018-07-20,43.20000076293945,42.2599983215332,43.18000030517578,42.54999923706055,2796000.0,41.29792785644531
2018-07-23,42.720001220703125,41.619998931884766,42.54999923706055,41.880001068115234,4418200.0,40.64764404296875
2018-07-24,41.9900016784668,40.31999969482422,41.5099983215332,40.380001068115234,5638800.0,39.19178009033203
2018-07-25,40.369998931884766,38.58000183105469,40.22999954223633,39.540000915527344,9116600.0,38.37649917602539
2018-07-26,44.130001068115234,40.90999984741211,41.38999938964844,43.84000015258789,13483300.0,42.54996871948242
2018-07-27,44.91999816894531,43.150001525878906,44.310001373291016,43.900001525878906,9672900.0,42.60820388793945
2018-07-30,44.58000183105469,43.61000061035156,44.0,43.70000076293945,6048500.0,42.414085388183594
2018-07-31,44.400001525878906,43.540000915527344,43.97999954223633,43.70000076293945,10402800.0,42.414085388183594
2018-08-01,44.290000915527344,43.470001220703125,43.95000076293945,43.84000015258789,6028500.0,42.54996871948242
2018-08-02,44.2400016784668,43.2599983215332,43.63999938964844,43.779998779296875,4229200.0,42.491737365722656
2018-08-03,44.040000915527344,43.599998474121094,43.790000915527344,43.779998779296875,3184300.0,42.491737365722656
2018-08-06,43.84000015258789,42.81999969482422,43.77000045776367,43.779998779296875,4925600.0,42.491737365722656
2018-08-07,44.45000076293945,43.630001068115234,43.709999084472656,44.290000915527344,2865700.0,43.10980987548828
2018-08-08,44.4900016784668,43.75,44.27000045776367,44.099998474121094,2059800.0,42.92487716674805
2018-08-09,45.45000076293945,44.11000061035156,44.220001220703125,45.0,3887300.0,43.8008918762207
2018-08-10,45.20000076293945,44.209999084472656,44.68000030517578,44.91999816894531,3576800.0,43.723026275634766
2018-08-13,44.93000030517578,43.16999816894531,44.869998931884766,43.52000045776367,3764600.0,42.36033248901367
2018-08-14,44.459999084472656,43.439998626708984,43.5,43.9900016784668,3133900.0,42.81781005859375
2018-08-15,44.13999938964844,43.2400016784668,43.84000015258789,43.83000183105469,2939300.0,42.66207504272461
2018-08-16,44.83000183105469,43.83000183105469,43.9900016784668,44.31999969482422,2584000.0,43.13901138305664
2018-08-17,44.81999969482422,44.119998931884766,44.2400016784668,44.380001068115234,2898500.0,43.19741439819336
2018-08-20,45.09000015258789,44.380001068115234,44.5099983215332,44.790000915527344,3645500.0,43.59648513793945
2018-08-21,46.90999984741211,45.4900016784668,45.4900016784668,46.470001220703125,7279200.0,45.231727600097656
2018-08-22,46.540000915527344,45.61000061035156,46.36000061035156,45.70000076293945,3281400.0,44.482242584228516
2018-08-23,45.630001068115234,44.7599983215332,45.630001068115234,44.970001220703125,2079800.0,43.771697998046875
2018-08-24,45.27000045776367,44.77000045776367,44.959999084472656,44.959999084472656,2140400.0,43.761962890625
2018-08-27,45.58000183105469,44.849998474121094,45.04999923706055,45.380001068115234,1945800.0,44.17076873779297
2018-08-28,45.599998474121094,45.11000061035156,45.33000183105469,45.31999969482422,2330800.0,44.11236572265625
2018-08-29,45.54999923706055,44.77000045776367,45.27000045776367,45.13999938964844,1779400.0,43.937164306640625
2018-08-30,45.41999816894531,44.43000030517578,45.04999923706055,44.52000045776367,2079700.0,43.333675384521484
2018-08-31,44.849998474121094,44.20000076293945,44.47999954223633,44.5099983215332,2600300.0,43.32394790649414
2018-09-04,44.900001525878906,44.369998931884766,44.470001220703125,44.68000030517578,2035800.0,43.48942184448242
2018-09-05,45.29999923706055,44.54999923706055,44.720001220703125,45.11000061035156,2306400.0,43.907962799072266
2018-09-06,45.720001220703125,44.650001525878906,45.22999954223633,44.77000045776367,2062100.0,43.577022552490234
2018-09-07,44.52000045776367,42.7400016784668,44.470001220703125,42.9900016784668,4901400.0,41.844451904296875
2018-09-10,43.33000183105469,42.72999954223633,43.099998474121094,42.869998931884766,2966700.0,41.7276496887207
2018-09-11,43.77000045776367,42.45000076293945,42.61000061035156,42.9900016784668,4619100.0,41.844451904296875
2018-09-12,43.66999816894531,42.95000076293945,43.130001068115234,43.5,5237100.0,42.34086608886719
2018-09-13,43.90999984741211,41.70000076293945,43.59000015258789,42.65999984741211,5446700.0,41.52324676513672
2018-09-14,43.15999984741211,42.09000015258789,42.380001068115234,43.0,3170700.0,41.854183197021484
2018-09-17,43.15999984741211,42.4900016784668,43.06999969482422,42.540000915527344,2743700.0,41.40644454956055
2018-09-18,43.63999938964844,42.540000915527344,42.540000915527344,43.18000030517578,2387300.0,42.029396057128906
2018-09-19,43.54999923706055,42.349998474121094,43.06999969482422,42.619998931884766,2320400.0,41.484310150146484
2018-09-20,43.0099983215332,42.18000030517578,42.790000915527344,42.540000915527344,3330000.0,41.40644454956055
2018-09-21,42.619998931884766,41.65999984741211,42.5,42.40999984741211,5058400.0,41.2799072265625
2018-09-24,42.40999984741211,41.849998474121094,42.2400016784668,41.95000076293945,4805200.0,40.8321647644043
2018-09-25,43.15999984741211,42.029998779296875,42.209999084472656,42.9900016784668,4203100.0,41.844451904296875
2018-09-26,43.619998931884766,42.09000015258789,43.38999938964844,42.54999923706055,2939200.0,41.41617965698242
2018-09-27,42.43000030517578,41.560001373291016,42.40999984741211,41.83000183105469,2714700.0,40.715362548828125
2018-09-28,42.689998626708984,41.599998474121094,41.75,42.18000030517578,3742900.0,41.05603790283203
2018-10-01,42.79999923706055,41.86000061035156,42.2599983215332,42.220001220703125,3064900.0,41.094974517822266
2018-10-02,42.93000030517578,42.18000030517578,42.18000030517578,42.59000015258789,3935100.0,41.45511245727539
2018-10-03,42.86000061035156,41.33000183105469,42.5,41.47999954223633,5071300.0,40.37468719482422
2018-10-04,41.47999954223633,39.970001220703125,41.400001525878906,40.5,5878100.0,39.42080307006836
2018-10-05,40.86000061035156,39.43000030517578,40.540000915527344,40.2599983215332,8087300.0,39.18719482421875
2018-10-08,40.86000061035156,39.86000061035156,39.900001525878906,40.650001525878906,5072100.0,39.566810607910156
2018-10-09,40.7599983215332,39.2599983215332,40.5,39.38999938964844,5180000.0,38.34038162231445
2018-10-10,39.619998931884766,38.20000076293945,39.18000030517578,38.27000045776367,7801300.0,37.25022888183594
2018-10-11,39.02000045776367,37.79999923706055,38.279998779296875,37.91999816894531,5898600.0,36.9095458984375
2018-10-12,38.400001525878906,37.41999816894531,38.36000061035156,37.630001068115234,4428700.0,36.627281188964844
2018-10-15,37.9900016784668,37.279998779296875,37.41999816894531,37.68000030517578,3435700.0,36.67594909667969
2018-10-16,38.66999816894531,37.59000015258789,38.08000183105469,38.650001525878906,4648000.0,37.62010192871094
2018-10-17,38.349998474121094,37.29999923706055,38.27000045776367,37.779998779296875,6704200.0,36.773284912109375
2018-10-18,37.9900016784668,37.04999923706055,37.25,37.380001068115234,3989000.0,36.38393783569336
2018-10-19,37.4900016784668,35.720001220703125,37.22999954223633,35.91999816894531,4972600.0,34.96284484863281
2018-10-22,36.099998474121094,34.880001068115234,36.04999923706055,34.970001220703125,8075600.0,34.03816604614258
2018-10-23,36.34000015258789,34.369998931884766,34.619998931884766,35.68000030517578,10296300.0,34.72924041748047
2018-10-24,36.34000015258789,34.380001068115234,35.68000030517578,34.41999816894531,7610700.0,33.50281524658203
2018-10-25,35.90999984741211,34.630001068115234,34.77000045776367,35.619998931884766,6350200.0,34.670841217041016
2018-10-26,37.130001068115234,34.779998779296875,34.9900016784668,36.04999923706055,7993100.0,35.08938217163086
2018-10-29,36.790000915527344,34.650001525878906,36.709999084472656,35.040000915527344,5295000.0,34.10629653930664
2018-10-30,36.40999984741211,34.630001068115234,34.93000030517578,36.36000061035156,6062100.0,35.3911247253418
2018-10-31,36.810001373291016,35.61000061035156,36.619998931884766,35.959999084472656,5675100.0,35.00177764892578
2018-11-01,37.369998931884766,35.75,36.04999923706055,36.970001220703125,6087900.0,35.98487091064453
2018-11-02,37.29999923706055,35.47999954223633,37.29999923706055,36.09000015258789,5086400.0,35.12831497192383
2018-11-05,37.38999938964844,36.040000915527344,36.09000015258789,37.36000061035156,5551300.0,36.364471435546875
2018-11-06,37.599998474121094,36.869998931884766,37.34000015258789,37.4900016784668,3696300.0,36.49101638793945
2018-11-07,37.93000030517578,36.779998779296875,37.83000183105469,37.59000015258789,5375600.0,36.588348388671875
2018-11-08,36.22999954223633,33.70000076293945,35.040000915527344,34.220001220703125,12309400.0,33.308143615722656
2018-11-09,35.040000915527344,33.95000076293945,34.09000015258789,34.400001525878906,8825300.0,33.48335647583008
2018-11-12,34.4900016784668,33.77000045776367,33.97999954223633,33.88999938964844,6772300.0,32.986934661865234
2018-11-13,34.90999984741211,33.849998474121094,34.06999969482422,34.689998626708984,7578300.0,33.76561737060547
2018-11-14,35.52000045776367,34.27000045776367,35.09000015258789,34.47999954223633,5582600.0,33.561214447021484
2018-11-15,33.959999084472656,32.529998779296875,33.689998626708984,33.58000183105469,9570800.0,32.68519973754883
2018-11-16,34.91999816894531,33.38999938964844,33.470001220703125,34.779998779296875,4968000.0,33.85322570800781
2018-11-19,35.150001525878906,33.97999954223633,34.560001373291016,34.959999084472656,7941600.0,34.02842330932617
2018-11-20,35.290000915527344,34.220001220703125,34.22999954223633,34.86000061035156,7180900.0,33.931095123291016
2018-11-21,36.0099983215332,34.58000183105469,34.9900016784668,35.79999923706055,7050400.0,34.84604263305664
2018-11-23,36.16999816894531,35.38999938964844,35.5,35.810001373291016,2377200.0,35.002437591552734
2018-11-26,36.38999938964844,35.59000015258789,36.040000915527344,36.119998931884766,7857400.0,35.30544662475586
2018-11-27,36.650001525878906,35.810001373291016,35.810001373291016,36.29999923706055,4578700.0,35.48138427734375
2018-11-28,37.31999969482422,35.20000076293945,36.459999084472656,37.31999969482422,5350700.0,36.47837829589844
2018-11-29,37.720001220703125,37.0,37.2400016784668,37.349998474121094,5969500.0,36.5077018737793
2018-11-30,37.5,36.83000183105469,37.29999923706055,37.220001220703125,5027900.0,36.38064193725586
2018-12-03,38.11000061035156,36.72999954223633,37.65999984741211,37.9900016784668,4057300.0,37.13327407836914
2018-12-04,37.7599983215332,36.25,37.470001220703125,36.279998779296875,7758800.0,35.46183395385742
2018-12-06,37.06999969482422,35.900001525878906,35.939998626708984,36.959999084472656,4474900.0,36.126502990722656
2018-12-07,37.810001373291016,36.43000030517578,37.0,36.459999084472656,3591600.0,35.63777542114258
2018-12-10,36.959999084472656,35.7599983215332,36.459999084472656,35.91999816894531,3576700.0,35.10995101928711
2018-12-11,36.58000183105469,35.650001525878906,36.41999816894531,35.7400016784668,2998500.0,34.934017181396484
2018-12-12,36.52000045776367,35.61000061035156,36.099998474121094,35.970001220703125,3102100.0,35.1588249206543
2018-12-13,36.47999954223633,35.880001068115234,36.09000015258789,36.08000183105469,2901300.0,35.26634979248047
2018-12-14,36.619998931884766,35.369998931884766,35.630001068115234,35.5,5763600.0,34.699432373046875
2018-12-17,35.9900016784668,35.130001068115234,35.290000915527344,35.29999923706055,4264600.0,34.503936767578125
2018-12-18,36.70000076293945,35.61000061035156,35.939998626708984,36.040000915527344,8140300.0,35.22724914550781
2018-12-19,37.06999969482422,35.470001220703125,36.16999816894531,35.63999938964844,7630600.0,34.83626937866211
2018-12-20,36.220001220703125,34.90999984741211,35.5099983215332,35.060001373291016,6612900.0,34.26934814453125
2018-12-21,35.650001525878906,33.61000061035156,35.040000915527344,33.619998931884766,8964100.0,32.86182403564453
2018-12-24,33.709999084472656,32.38999938964844,33.45000076293945,32.959999084472656,3037600.0,32.216705322265625
2018-12-26,34.2400016784668,32.54999923706055,33.099998474121094,34.18000030517578,4646900.0,33.40919494628906
2018-12-27,34.56999969482422,33.459999084472656,33.59000015258789,34.560001373291016,4304100.0,33.78062057495117
2018-12-28,35.380001068115234,34.099998474121094,34.63999938964844,34.59000015258789,4254100.0,33.80995178222656
2018-12-31,35.029998779296875,33.68000030517578,34.7400016784668,34.65999984741211,3171200.0,33.87837219238281
2019-01-02,35.560001373291016,34.08000183105469,34.150001525878906,35.27000045776367,4761800.0,34.474613189697266
2019-01-03,35.81999969482422,34.61000061035156,35.13999938964844,35.130001068115234,5165400.0,34.3377685546875
2019-01-04,36.869998931884766,35.400001525878906,35.560001373291016,36.75,5266200.0,35.92123794555664
2019-01-07,38.119998931884766,36.650001525878906,36.790000915527344,37.400001525878906,7494600.0,36.556575775146484
2019-01-08,38.0099983215332,36.880001068115234,37.959999084472656,37.25,4636700.0,36.40996170043945
2019-01-09,39.970001220703125,37.290000915527344,38.11000061035156,39.58000183105469,11907800.0,38.687416076660156
2019-01-10,39.630001068115234,38.65999984741211,39.369998931884766,39.11000061035156,7247400.0,38.22801971435547
2019-01-11,40.130001068115234,38.84000015258789,39.11000061035156,39.599998474121094,5860600.0,38.70696258544922
2019-01-14,39.41999816894531,38.369998931884766,39.29999923706055,38.41999816894531,8318100.0,37.5535774230957
2019-01-15,39.0099983215332,38.0099983215332,38.5099983215332,38.47999954223633,4851900.0,37.61222457885742
2019-01-16,38.529998779296875,37.66999816894531,38.43000030517578,37.849998474121094,4578400.0,36.996429443359375
2019-01-17,37.959999084472656,37.310001373291016,37.47999954223633,37.61000061035156,4774000.0,36.7618408203125
2019-01-18,37.810001373291016,37.029998779296875,37.709999084472656,37.18000030517578,5066900.0,36.3415412902832
2019-01-22,37.119998931884766,36.209999084472656,37.0,36.41999816894531,4879900.0,35.59867858886719
2019-01-23,37.65999984741211,36.709999084472656,37.13999938964844,37.29999923706055,6363000.0,36.458831787109375
2019-01-24,38.470001220703125,37.2599983215332,37.310001373291016,38.29999923706055,9170400.0,37.436283111572266
2019-01-25,39.209999084472656,36.40999984741211,38.56999969482422,37.29999923706055,15999000.0,36.458831787109375
2019-01-28,37.459999084472656,36.16999816894531,36.529998779296875,36.38999938964844,10157000.0,35.569358825683594
2019-01-29,36.7400016784668,34.959999084472656,35.869998931884766,36.68000030517578,12026700.0,35.85281753540039
2019-01-30,37.63999938964844,36.04999923706055,36.70000076293945,37.59000015258789,8642200.0,36.74229431152344
2019-01-31,38.9900016784668,37.0,37.650001525878906,38.45000076293945,11125200.0,37.5828971862793
2019-02-01,39.20000076293945,37.95000076293945,38.54999923706055,37.9900016784668,8083000.0,37.13327407836914
2019-02-04,38.209999084472656,37.47999954223633,37.900001525878906,37.72999954223633,4819900.0,36.87913513183594
2019-02-05,38.43000030517578,37.61000061035156,37.70000076293945,38.349998474121094,4130200.0,37.48515701293945
2019-02-06,38.33000183105469,37.310001373291016,38.209999084472656,37.529998779296875,6524300.0,36.68364715576172
2019-02-07,38.470001220703125,37.29999923706055,37.29999923706055,38.45000076293945,7052300.0,37.5828971862793
2019-02-08,38.25,37.15999984741211,37.970001220703125,37.720001220703125,4938500.0,37.013763427734375
2019-02-11,37.84000015258789,37.22999954223633,37.650001525878906,37.7599983215332,3668300.0,37.053009033203125
2019-02-12,40.66999816894531,38.08000183105469,38.25,40.61000061035156,10439700.0,39.84965133666992
2019-02-13,41.13999938964844,39.400001525878906,40.720001220703125,40.16999816894531,8436200.0,39.417884826660156
2019-02-14,40.11000061035156,39.08000183105469,39.63999938964844,39.79999923706055,7736000.0,39.05481719970703
2019-02-15,40.220001220703125,39.560001373291016,39.91999816894531,39.970001220703125,7585400.0,39.22163391113281
2019-02-19,40.86000061035156,39.790000915527344,40.0,40.43000030517578,5214300.0,39.67301940917969
2019-02-20,40.52000045776367,39.560001373291016,40.2400016784668,39.869998931884766,4491500.0,39.123504638671875
2019-02-21,40.279998779296875,39.20000076293945,39.349998474121094,40.27000045776367,4712500.0,39.51601791381836
2019-02-22,41.040000915527344,40.16999816894531,40.4900016784668,40.84000015258789,5142500.0,40.07534408569336
2019-02-25,41.47999954223633,40.65999984741211,41.04999923706055,40.790000915527344,8061600.0,40.026283264160156
2019-02-26,41.130001068115234,40.06999969482422,40.4900016784668,40.599998474121094,4340000.0,39.839839935302734
2019-02-27,40.720001220703125,39.58000183105469,40.630001068115234,40.040000915527344,5262200.0,39.290321350097656
2019-02-28,40.15999984741211,38.79999923706055,39.56999969482422,38.88999938964844,7972900.0,38.1618537902832
2019-03-01,39.279998779296875,37.810001373291016,39.16999816894531,38.779998779296875,7778300.0,38.05391311645508
2019-03-04,40.04999923706055,38.970001220703125,39.040000915527344,39.9900016784668,8170300.0,39.24126052856445
2019-03-05,40.0,38.849998474121094,39.9900016784668,39.150001525878906,6496200.0,38.4169921875
2019-03-06,39.38999938964844,38.79999923706055,39.11000061035156,39.150001525878906,4687700.0,38.4169921875
2019-03-07,40.61000061035156,39.31999969482422,39.34000015258789,40.560001373291016,7782800.0,39.80059051513672
2019-03-08,40.970001220703125,40.09000015258789,40.34000015258789,40.400001525878906,6110300.0,39.643585205078125
2019-03-11,41.2400016784668,40.279998779296875,40.380001068115234,41.099998474121094,4606000.0,40.330474853515625
2019-03-12,41.470001220703125,40.79999923706055,41.25,41.400001525878906,4085200.0,40.62485885620117
2019-03-13,41.77000045776367,40.91999816894531,41.400001525878906,40.95000076293945,4468500.0,40.18328094482422
2019-03-14,41.040000915527344,40.560001373291016,40.86000061035156,40.79999923706055,4036000.0,40.03609085083008
2019-03-15,41.529998779296875,40.709999084472656,41.099998474121094,40.7599983215332,4179300.0,39.9968376159668
2019-03-18,41.0,40.279998779296875,40.66999816894531,40.459999084472656,3598600.0,39.70246124267578
2019-03-19,40.65999984741211,39.47999954223633,40.459999084472656,39.58000183105469,4494800.0,38.838932037353516
2019-03-20,39.900001525878906,38.380001068115234,39.459999084472656,39.209999084472656,7140400.0,38.47586441040039
2019-03-21,40.84000015258789,39.29999923706055,39.400001525878906,40.540000915527344,7053600.0,39.78096389770508
2019-03-22,41.439998626708984,40.279998779296875,40.470001220703125,40.93000030517578,5385600.0,40.163658142089844
2019-03-25,42.25,40.790000915527344,40.790000915527344,41.959999084472656,8424000.0,41.174373626708984
2019-03-26,42.040000915527344,40.900001525878906,41.91999816894531,41.59000015258789,5675300.0,40.81129837036133
2019-03-27,43.36000061035156,41.90999984741211,42.13999938964844,42.540000915527344,6669400.0,41.74351501464844
2019-03-28,42.7400016784668,41.349998474121094,42.54999923706055,41.66999816894531,4367400.0,40.889801025390625
2019-03-29,42.31999969482422,41.31999969482422,41.849998474121094,41.380001068115234,7049100.0,40.60523223876953
2019-04-01,41.849998474121094,40.88999938964844,41.56999969482422,41.709999084472656,5622900.0,40.929054260253906
2019-04-02,41.849998474121094,41.380001068115234,41.72999954223633,41.70000076293945,3603800.0,40.91924285888672
2019-04-03,42.560001373291016,41.650001525878906,42.0,41.88999938964844,4155400.0,41.10568618774414
2019-04-04,43.0,41.72999954223633,41.72999954223633,42.810001373291016,5879000.0,42.00845718383789
2019-04-05,43.599998474121094,42.77000045776367,42.959999084472656,43.54999923706055,5736400.0,42.73460388183594
2019-04-08,43.79999923706055,43.25,43.47999954223633,43.70000076293945,3187100.0,42.881797790527344
2019-04-09,43.79999923706055,43.2400016784668,43.52000045776367,43.400001525878906,3837300.0,42.58741760253906
2019-04-10,44.0,43.52000045776367,43.540000915527344,43.93000030517578,3492800.0,43.10749053955078
2019-04-11,44.959999084472656,43.65999984741211,43.79999923706055,44.849998474121094,6245400.0,44.0102653503418
2019-04-12,45.400001525878906,44.689998626708984,44.939998626708984,45.349998474121094,10711900.0,44.50090789794922
2019-04-15,45.68000030517578,45.130001068115234,45.56999969482422,45.41999816894531,7150100.0,44.56958770751953
2019-04-16,45.86000061035156,45.45000076293945,45.58000183105469,45.689998626708984,6132900.0,44.83453369140625
2019-04-17,45.95000076293945,45.470001220703125,45.619998931884766,45.77000045776367,5424400.0,44.91303634643555
2019-04-18,46.5099983215332,45.599998474121094,45.79999923706055,46.41999816894531,7803400.0,45.550865173339844
2019-04-22,46.349998474121094,45.20000076293945,46.0,45.65999984741211,5696300.0,44.80509948730469
2019-04-23,46.619998931884766,45.810001373291016,46.119998931884766,46.400001525878906,5908700.0,45.531246185302734
2019-04-24,47.02000045776367,46.16999816894531,46.41999816894531,46.66999816894531,5190500.0,45.79618453979492
2019-04-25,44.959999084472656,43.63999938964844,43.91999816894531,44.45000076293945,9968900.0,43.61775207519531
2019-04-26,44.33000183105469,43.65999984741211,44.290000915527344,44.0,5502000.0,43.17618179321289
2019-04-29,44.13999938964844,43.56999969482422,43.869998931884766,43.95000076293945,2931100.0,43.12711715698242
2019-04-30,44.529998779296875,43.72999954223633,44.029998779296875,44.310001373291016,3827700.0,43.48037338256836
2019-05-01,45.630001068115234,44.290000915527344,44.61000061035156,44.349998474121094,3982400.0,43.519622802734375
2019-05-02,45.13999938964844,43.90999984741211,44.369998931884766,44.380001068115234,4019800.0,43.549068450927734
2019-05-03,44.790000915527344,44.08000183105469,44.61000061035156,44.130001068115234,3625600.0,43.30374526977539
2019-05-06,44.130001068115234,43.290000915527344,43.560001373291016,44.130001068115234,3530200.0,43.30374526977539
2019-05-07,44.099998474121094,43.33000183105469,43.959999084472656,43.75,2771700.0,42.93085479736328
2019-05-08,43.93000030517578,43.209999084472656,43.77000045776367,43.22999954223633,1989000.0,42.420597076416016
2019-05-09,43.68000030517578,42.52000045776367,43.13999938964844,43.619998931884766,2727300.0,42.80329132080078
2019-05-10,43.72999954223633,42.81999969482422,43.279998779296875,43.52000045776367,2427100.0,42.85252380371094
2019-05-13,43.33000183105469,42.599998474121094,42.91999816894531,43.22999954223633,2919800.0,42.56697082519531
2019-05-14,44.470001220703125,43.16999816894531,43.209999084472656,43.97999954223633,4342300.0,43.30547332763672
2019-05-15,44.25,43.540000915527344,43.7599983215332,44.04999923706055,3396700.0,43.37439727783203
2019-05-16,45.119998931884766,44.25,44.38999938964844,44.959999084472656,4488900.0,44.27043914794922
2019-05-17,45.310001373291016,44.5,44.5099983215332,44.540000915527344,3616200.0,43.85688018798828
2019-05-20,44.7400016784668,43.2599983215332,44.400001525878906,43.36000061035156,4117800.0,42.69498062133789
2019-05-21,43.959999084472656,43.16999816894531,43.36000061035156,43.79999923706055,3155500.0,43.128231048583984
2019-05-22,44.20000076293945,43.13999938964844,43.13999938964844,43.7599983215332,4597900.0,43.088844299316406
2019-05-23,44.380001068115234,43.31999969482422,43.540000915527344,43.619998931884766,4316800.0,42.950992584228516
2019-05-24,44.68000030517578,43.779998779296875,43.790000915527344,44.630001068115234,2661500.0,43.94550323486328
2019-05-28,44.88999938964844,44.11000061035156,44.66999816894531,44.11000061035156,3204300.0,43.4334831237793
2019-05-29,44.02000045776367,43.15999984741211,44.02000045776367,43.47999954223633,4599100.0,42.813140869140625
2019-05-30,44.2599983215332,43.34000015258789,43.400001525878906,43.959999084472656,2894400.0,43.2857780456543
2019-05-31,43.81999969482422,42.369998931884766,43.689998626708984,42.7599983215332,4806900.0,42.104183197021484
2019-06-03,43.709999084472656,42.54999923706055,42.689998626708984,43.27000045776367,3647700.0,42.60635757446289
2019-06-04,44.47999954223633,43.470001220703125,43.720001220703125,44.40999984741211,3368900.0,43.7288703918457
2019-06-05,44.81999969482422,43.959999084472656,44.689998626708984,44.630001068115234,2660400.0,43.94550323486328
2019-06-06,45.619998931884766,44.7599983215332,44.81999969482422,45.16999816894531,2189100.0,44.47721862792969
2019-06-07,46.13999938964844,45.15999984741211,45.2400016784668,45.599998474121094,2693100.0,44.9006233215332
2019-06-10,46.209999084472656,45.08000183105469,45.790000915527344,45.4900016784668,2002500.0,44.79231643676758
2019-06-11,45.720001220703125,44.34000015258789,45.720001220703125,44.869998931884766,3120500.0,44.18182373046875
2019-06-12,45.61000061035156,44.88999938964844,44.93000030517578,45.040000915527344,3689500.0,44.349212646484375
2019-06-13,45.83000183105469,45.11000061035156,45.27000045776367,45.459999084472656,3765400.0,44.76277160644531
2019-06-14,46.08000183105469,45.040000915527344,45.36000061035156,45.959999084472656,2816500.0,45.25510025024414
2019-06-17,46.099998474121094,45.279998779296875,45.9900016784668,45.959999084472656,2314400.0,45.25510025024414
2019-06-18,46.470001220703125,45.31999969482422,46.09000015258789,45.84000015258789,2524500.0,45.13694381713867
2019-06-19,45.7599983215332,43.88999938964844,45.63999938964844,44.849998474121094,5037700.0,44.16212463378906
2019-06-20,45.9900016784668,44.959999084472656,45.540000915527344,45.689998626708984,3763800.0,44.98924255371094
2019-06-21,45.65999984741211,44.47999954223633,45.65999984741211,44.65999984741211,4407500.0,43.975040435791016
2019-06-24,45.2400016784668,44.189998626708984,44.77000045776367,44.279998779296875,3859800.0,43.60086441040039
2019-06-25,45.29999923706055,42.060001373291016,45.209999084472656,42.56999969482422,8529100.0,41.91709518432617
2019-06-26,42.54999923706055,41.40999984741211,42.439998626708984,42.060001373291016,7103600.0,41.4149169921875
2019-06-27,43.40999984741211,42.310001373291016,42.709999084472656,43.220001220703125,4364100.0,42.55712890625
2019-06-28,44.0,43.06999969482422,43.11000061035156,43.130001068115234,7192500.0,42.468509674072266
2019-07-01,44.130001068115234,43.29999923706055,43.72999954223633,43.619998931884766,5479300.0,42.950992584228516
2019-07-02,44.209999084472656,43.540000915527344,43.75,44.119998931884766,2748500.0,43.443321228027344
2019-07-03,44.56999969482422,43.970001220703125,44.13999938964844,44.349998474121094,1312000.0,43.669795989990234
2019-07-05,44.119998931884766,42.93000030517578,43.9900016784668,43.47999954223633,2445200.0,42.813140869140625
2019-07-08,44.15999984741211,43.16999816894531,43.400001525878906,44.09000015258789,2202200.0,43.41378402709961
2019-07-09,44.2400016784668,43.66999816894531,43.90999984741211,43.90999984741211,3432600.0,43.236541748046875
2019-07-10,44.93000030517578,44.2599983215332,44.54999923706055,44.65999984741211,3482500.0,43.975040435791016
2019-07-11,44.900001525878906,43.79999923706055,44.810001373291016,44.40999984741211,2459600.0,43.7288703918457
2019-07-12,45.79999923706055,44.650001525878906,44.68000030517578,45.4900016784668,3541000.0,44.79231643676758
2019-07-15,45.86000061035156,45.04999923706055,45.560001373291016,45.220001220703125,2563300.0,44.526458740234375
2019-07-16,45.61000061035156,45.040000915527344,45.11000061035156,45.439998626708984,3163000.0,44.743080139160156
2019-07-17,46.040000915527344,45.13999938964844,45.65999984741211,45.20000076293945,1726000.0,44.50675964355469
2019-07-18,45.86000061035156,44.790000915527344,45.209999084472656,45.2400016784668,2561900.0,44.546146392822266
2019-07-19,45.540000915527344,44.91999816894531,45.41999816894531,45.0,2211700.0,44.30982971191406
2019-07-22,45.2599983215332,44.709999084472656,45.209999084472656,44.7599983215332,1780400.0,44.07350540161133
2019-07-23,45.029998779296875,43.16999816894531,44.849998474121094,43.61000061035156,5319300.0,42.94114685058594
2019-07-24,44.16999816894531,43.369998931884766,43.599998474121094,43.900001525878906,2845100.0,43.22669982910156
2019-07-25,44.84000015258789,44.0,44.119998931884766,44.5,5065900.0,43.81749725341797
2019-07-26,44.88999938964844,44.18000030517578,44.56999969482422,44.5,3405900.0,43.81749725341797
2019-07-29,44.52000045776367,43.599998474121094,44.439998626708984,44.0,3992100.0,43.32516860961914
2019-07-30,46.7599983215332,43.959999084472656,44.29999923706055,46.52000045776367,7934300.0,45.806514739990234
2019-07-31,47.2599983215332,45.310001373291016,46.880001068115234,45.93000030517578,5713600.0,45.225563049316406
2019-08-01,48.02000045776367,45.97999954223633,46.209999084472656,47.04999923706055,7588600.0,46.32838439941406
2019-08-02,47.279998779296875,46.38999938964844,46.88999938964844,47.0,4972200.0,46.279151916503906
2019-08-05,46.9900016784668,45.40999984741211,46.38999938964844,45.93000030517578,4853400.0,45.225563049316406
2019-08-06,46.56999969482422,45.869998931884766,45.9900016784668,46.2599983215332,5287800.0,45.550498962402344
2019-08-07,47.90999984741211,45.560001373291016,45.86000061035156,47.810001373291016,6321500.0,47.07673263549805
2019-08-08,48.380001068115234,47.66999816894531,47.77000045776367,47.91999816894531,4855700.0,47.18503952026367
2019-08-09,47.84000015258789,47.189998626708984,47.63999938964844,47.22999954223633,3071800.0,46.65165710449219
2019-08-12,47.189998626708984,46.72999954223633,47.08000183105469,46.9900016784668,2611500.0,46.414588928222656
2019-08-13,48.20000076293945,47.09000015258789,47.130001068115234,47.959999084472656,7240200.0,47.37271499633789
2019-08-14,47.689998626708984,46.81999969482422,47.279998779296875,47.36000061035156,3880200.0,46.78006362915039
2019-08-15,47.65999984741211,46.869998931884766,47.310001373291016,46.970001220703125,3492600.0,46.39483642578125
2019-08-16,47.880001068115234,46.869998931884766,47.31999969482422,47.75,2697900.0,47.165283203125
2019-08-19,48.540000915527344,47.79999923706055,48.0,48.16999816894531,3283500.0,47.58013916015625
2019-08-20,49.540000915527344,48.18000030517578,48.41999816894531,48.90999984741211,4841400.0,48.31108093261719
2019-08-21,49.619998931884766,48.70000076293945,49.0099983215332,49.45000076293945,3975900.0,48.84447479248047
2019-08-22,50.63999938964844,49.380001068115234,49.7599983215332,50.34000015258789,4655000.0,49.72357177734375
2019-08-23,50.619998931884766,49.02000045776367,50.38999938964844,49.209999084472656,6304000.0,48.60740661621094
2019-08-26,49.630001068115234,48.79999923706055,49.150001525878906,49.209999084472656,4120900.0,48.60740661621094
2019-08-27,49.66999816894531,48.75,49.66999816894531,48.93000030517578,3338200.0,48.33083724975586
2019-08-28,49.22999954223633,48.459999084472656,48.81999969482422,49.0,2501700.0,48.39997863769531
2019-08-29,49.63999938964844,49.029998779296875,49.34000015258789,49.27000045776367,3029000.0,48.66667175292969
2019-08-30,49.58000183105469,49.040000915527344,49.56999969482422,49.470001220703125,1576700.0,48.86422348022461
2019-09-03,49.95000076293945,49.150001525878906,49.150001525878906,49.790000915527344,2377200.0,49.18030548095703
2019-09-04,50.790000915527344,49.7599983215332,49.939998626708984,50.5,3430400.0,49.88161087036133
2019-09-05,50.88999938964844,49.34000015258789,50.83000183105469,49.959999084472656,3909100.0,49.34822463989258
2019-09-06,50.540000915527344,50.040000915527344,50.130001068115234,50.130001068115234,2754700.0,49.516143798828125
2019-09-09,50.31999969482422,49.560001373291016,50.20000076293945,49.77000045776367,3396400.0,49.160552978515625
2019-09-10,49.5,48.470001220703125,49.369998931884766,49.43000030517578,4099200.0,48.8247184753418
2019-09-11,50.0099983215332,49.38999938964844,49.720001220703125,49.45000076293945,5276000.0,48.84447479248047
2019-09-12,50.619998931884766,49.689998626708984,49.7599983215332,49.77000045776367,4898400.0,49.160552978515625
2019-09-13,50.45000076293945,49.0099983215332,50.22999954223633,49.4900016784668,3623200.0,48.88397979736328
2019-09-16,49.83000183105469,48.939998626708984,49.45000076293945,49.029998779296875,5077300.0,48.42961120605469
2019-09-17,49.91999816894531,49.040000915527344,49.060001373291016,49.689998626708984,11185500.0,49.08152770996094
2019-09-18,50.41999816894531,49.25,49.65999984741211,50.36000061035156,4714900.0,49.743324279785156
2019-09-19,51.119998931884766,50.439998626708984,50.779998779296875,50.869998931884766,4142200.0,50.2470817565918
2019-09-20,51.7400016784668,50.869998931884766,50.93000030517578,51.58000183105469,5197700.0,50.948387145996094
2019-09-23,52.689998626708984,51.5,51.5,52.20000076293945,7215200.0,51.560794830322266
2019-09-24,52.52000045776367,51.75,52.189998626708984,51.93000030517578,4090300.0,51.29410171508789
2019-09-25,52.77000045776367,52.06999969482422,52.150001525878906,52.52000045776367,3900800.0,51.87687683105469
2019-09-26,53.060001373291016,51.88999938964844,52.93000030517578,52.40999984741211,2071400.0,51.768226623535156
2019-09-27,52.529998779296875,51.91999816894531,52.5099983215332,52.13999938964844,2212300.0,51.501529693603516
2019-09-30,52.939998626708984,52.220001220703125,52.22999954223633,52.709999084472656,3412800.0,52.064552307128906
2019-10-01,52.959999084472656,51.939998626708984,52.61000061035156,52.040000915527344,3214500.0,51.40275192260742
2019-10-02,52.36000061035156,50.849998474121094,52.099998474121094,51.400001525878906,5272300.0,50.770591735839844
2019-10-03,51.68000030517578,50.599998474121094,51.5,51.34000015258789,3730800.0,50.711326599121094
2019-10-04,52.7599983215332,51.4900016784668,51.5099983215332,52.540000915527344,7354800.0,51.89663314819336
2019-10-07,52.709999084472656,52.119998931884766,52.38999938964844,52.33000183105469,4147500.0,51.689205169677734
2019-10-08,53.529998779296875,52.029998779296875,52.09000015258789,52.91999816894531,3979800.0,52.271976470947266
2019-10-09,53.29999923706055,52.599998474121094,53.25,52.650001525878906,3327000.0,52.00528335571289
2019-10-10,52.59000015258789,51.7599983215332,52.459999084472656,52.5,5154100.0,51.857120513916016
2019-10-11,52.9900016784668,51.95000076293945,52.93000030517578,51.9900016784668,3206300.0,51.35336685180664
2019-10-14,52.630001068115234,52.0099983215332,52.16999816894531,52.290000915527344,1947200.0,51.64969253540039
2019-10-15,52.779998779296875,52.27000045776367,52.470001220703125,52.630001068115234,3204400.0,51.985530853271484
2019-10-16,53.70000076293945,52.38999938964844,52.72999954223633,53.66999816894531,3638700.0,53.01279067993164
2019-10-17,54.40999984741211,53.27000045776367,54.22999954223633,53.4900016784668,3866400.0,52.834999084472656
2019-10-18,54.02000045776367,53.220001220703125,53.58000183105469,53.970001220703125,3546100.0,53.309120178222656
2019-10-21,54.36000061035156,53.08000183105469,54.15999984741211,53.16999816894531,4397000.0,52.518917083740234
2019-10-22,53.79999923706055,52.95000076293945,53.79999923706055,53.29999923706055,7296200.0,52.6473274230957
2019-10-23,53.560001373291016,52.97999954223633,53.41999816894531,53.34000015258789,2382500.0,52.68683624267578
2019-10-24,54.040000915527344,53.150001525878906,53.34000015258789,53.97999954223633,2099600.0,53.31899642944336
2019-10-25,54.41999816894531,53.529998779296875,53.959999084472656,53.709999084472656,2934000.0,53.052303314208984
2019-10-28,53.66999816894531,51.720001220703125,53.52000045776367,51.81999969482422,4282700.0,51.18545150756836
2019-10-29,52.54999923706055,51.40999984741211,51.7400016784668,51.560001373291016,5218600.0,50.92863464355469
2019-10-30,52.2599983215332,50.150001525878906,51.56999969482422,52.189998626708984,7430900.0,51.5509147644043
2019-10-31,52.66999816894531,52.060001373291016,52.27000045776367,52.369998931884766,5146300.0,51.72871017456055
2019-11-01,53.33000183105469,52.36000061035156,52.5,53.29999923706055,3414400.0,52.6473274230957
2019-11-04,53.58000183105469,50.84000015258789,53.349998474121094,51.150001525878906,6209700.0,50.523651123046875
2019-11-05,51.15999984741211,50.310001373291016,51.15999984741211,50.709999084472656,6937100.0,50.08903503417969
2019-11-06,52.11000061035156,50.72999954223633,50.84000015258789,52.04999923706055,4830300.0,51.41263198852539
2019-11-07,52.2400016784668,50.20000076293945,52.04999923706055,51.029998779296875,4878200.0,50.405120849609375
2019-11-08,51.540000915527344,50.86000061035156,51.0099983215332,51.150001525878906,3183700.0,50.523651123046875
2019-11-11,52.650001525878906,51.16999816894531,51.25,52.650001525878906,4334000.0,52.00528335571289
2019-11-12,55.66999816894531,51.81999969482422,54.91999816894531,54.27000045776367,9582600.0,53.605445861816406
2019-11-13,55.33000183105469,54.04999923706055,54.279998779296875,54.33000183105469,9974700.0,53.66471481323242
2019-11-14,55.06999969482422,53.880001068115234,54.27000045776367,54.2599983215332,8772500.0,53.5955696105957
2019-11-15,54.560001373291016,53.369998931884766,54.529998779296875,53.5,5933600.0,52.84487533569336
2019-11-18,54.970001220703125,53.560001373291016,53.66999816894531,54.630001068115234,5334300.0,53.96104049682617
2019-11-19,54.83000183105469,53.900001525878906,54.63999938964844,54.13999938964844,3211300.0,53.47703552246094
2019-11-20,55.0099983215332,54.119998931884766,54.40999984741211,54.56999969482422,5287900.0,53.901771545410156
2019-11-21,55.029998779296875,53.880001068115234,54.56999969482422,53.90999984741211,2801000.0,53.249855041503906
2019-11-22,54.630001068115234,53.93000030517578,54.16999816894531,54.11000061035156,3934400.0,53.44740295410156
2019-11-25,54.849998474121094,54.130001068115234,54.130001068115234,54.81999969482422,3648800.0,54.148712158203125
2019-11-26,55.5099983215332,54.61000061035156,54.81999969482422,55.38999938964844,6042000.0,54.88694381713867
2019-11-27,55.79999923706055,55.15999984741211,55.400001525878906,55.29999923706055,6022600.0,54.797760009765625
2019-11-29,55.66999816894531,55.04999923706055,55.11000061035156,55.349998474121094,1853800.0,54.84730529785156
2019-12-02,55.34000015258789,54.33000183105469,55.279998779296875,54.849998474121094,3527700.0,54.351844787597656
2019-12-03,54.91999816894531,54.33000183105469,54.380001068115234,54.7599983215332,2870400.0,54.262664794921875
2019-12-04,55.47999954223633,54.52000045776367,54.79999923706055,55.34000015258789,3853300.0,54.837398529052734
2019-12-05,55.810001373291016,55.18000030517578,55.279998779296875,55.7599983215332,4135600.0,55.25358200073242
2019-12-06,55.439998626708984,53.849998474121094,55.13999938964844,54.20000076293945,4996400.0,53.7077522277832
2019-12-09,55.13999938964844,54.029998779296875,54.20000076293945,54.88999938964844,2974000.0,54.39148712158203
2019-12-10,55.16999816894531,54.40999984741211,54.790000915527344,55.130001068115234,2899900.0,54.62930679321289
2019-12-11,55.93000030517578,54.880001068115234,54.939998626708984,55.90999984741211,2366000.0,55.402225494384766
2019-12-12,56.119998931884766,54.349998474121094,55.709999084472656,54.36000061035156,3674700.0,53.86629867553711
2019-12-13,55.09000015258789,54.099998474121094,54.25,54.810001373291016,2928100.0,54.31221389770508
2019-12-16,55.27000045776367,54.33000183105469,54.79999923706055,54.70000076293945,4245000.0,54.203208923339844
2019-12-17,55.04999923706055,53.5,54.2400016784668,53.70000076293945,4547700.0,53.2122917175293
2019-12-18,54.25,52.43000030517578,54.130001068115234,52.790000915527344,5862700.0,52.31055450439453
2019-12-19,53.0099983215332,51.709999084472656,52.630001068115234,52.349998474121094,4699500.0,51.87455368041992
2019-12-20,53.72999954223633,52.31999969482422,52.4900016784668,53.689998626708984,5785600.0,53.20238494873047
2019-12-23,53.91999816894531,52.630001068115234,53.61000061035156,52.79999923706055,1953400.0,52.32046890258789
2019-12-24,53.290000915527344,52.75,52.939998626708984,53.20000076293945,677500.0,52.716835021972656
2019-12-26,53.31999969482422,52.68000030517578,53.209999084472656,53.0099983215332,1146300.0,52.52855682373047
2019-12-27,53.20000076293945,52.81999969482422,53.11000061035156,52.90999984741211,1584400.0,52.429466247558594
2019-12-30,52.849998474121094,52.06999969482422,52.79999923706055,52.54999923706055,2145500.0,52.07273864746094
2019-12-31,52.849998474121094,52.38999938964844,52.439998626708984,52.75,1702100.0,52.27092361450195
2020-01-02,53.11000061035156,52.130001068115234,52.95000076293945,52.56999969482422,3492000.0,52.09255599975586
2020-01-03,53.220001220703125,52.400001525878906,52.45000076293945,52.959999084472656,4330400.0,52.47901153564453
2020-01-06,54.099998474121094,53.209999084472656,53.36000061035156,53.40999984741211,4305500.0,52.9249267578125
2020-01-07,54.0099983215332,53.11000061035156,53.959999084472656,53.209999084472656,4440400.0,52.726741790771484
2020-01-08,54.75,53.4900016784668,53.75,53.5,5279600.0,53.01410675048828
2020-01-09,53.970001220703125,52.86000061035156,53.61000061035156,53.27000045776367,5505200.0,52.786197662353516
2020-01-10,54.16999816894531,52.95000076293945,53.08000183105469,53.77000045776367,3681100.0,53.281654357910156
2020-01-13,54.040000915527344,53.38999938964844,53.630001068115234,53.56999969482422,2383600.0,53.083473205566406
2020-01-14,54.4900016784668,53.54999923706055,53.56999969482422,54.290000915527344,2578700.0,53.79693603515625
2020-01-15,55.16999816894531,54.27000045776367,54.310001373291016,54.939998626708984,3846500.0,54.4410285949707
2020-01-16,55.459999084472656,54.58000183105469,55.029998779296875,55.380001068115234,3461800.0,54.87704086303711
2020-01-17,56.060001373291016,55.29999923706055,55.709999084472656,55.709999084472656,4468700.0,55.204036712646484
2020-01-21,57.0,55.650001525878906,55.709999084472656,56.970001220703125,3288800.0,56.45259475708008
2020-01-22,57.70000076293945,56.7599983215332,56.970001220703125,57.41999816894531,2415400.0,56.89850616455078
2020-01-23,59.22999954223633,57.41999816894531,57.45000076293945,58.9900016784668,4510100.0,58.454254150390625
2020-01-24,59.86000061035156,58.029998779296875,59.08000183105469,58.5099983215332,6602500.0,57.97860336303711
2020-01-27,60.95000076293945,59.02000045776367,59.150001525878906,59.66999816894531,7759600.0,59.12807083129883
2020-01-28,61.77000045776367,60.22999954223633,60.279998779296875,61.380001068115234,6038200.0,60.82254409790039
2020-01-29,61.70000076293945,59.599998474121094,61.47999954223633,60.72999954223633,3610100.0,60.178443908691406
2020-01-30,61.11000061035156,60.0,60.400001525878906,60.29999923706055,2413000.0,59.752349853515625
2020-01-31,60.540000915527344,58.959999084472656,60.2599983215332,59.20000076293945,3755700.0,58.6623420715332
2020-02-03,59.58000183105469,58.599998474121094,59.400001525878906,58.7400016784668,2832900.0,58.20652389526367
2020-02-04,58.90999984741211,57.540000915527344,58.79999923706055,57.66999816894531,3994100.0,57.146236419677734
2020-02-05,59.689998626708984,57.2599983215332,57.4900016784668,59.68000030517578,3933900.0,59.13798141479492
2020-02-06,60.86000061035156,59.779998779296875,59.810001373291016,60.599998474121094,3605000.0,60.049625396728516
2020-02-07,61.369998931884766,60.61000061035156,60.90999984741211,60.70000076293945,2423900.0,60.32291793823242
2020-02-10,61.61000061035156,60.849998474121094,60.93000030517578,61.52000045776367,4470200.0,61.13782501220703
2020-02-11,62.119998931884766,61.27000045776367,61.810001373291016,61.86000061035156,2453100.0,61.47571563720703
2020-02-12,61.77000045776367,61.08000183105469,61.25,61.599998474121094,2463900.0,61.21732711791992
2020-02-13,62.04999923706055,61.47999954223633,61.59000015258789,61.66999816894531,5426400.0,61.28689193725586
2020-02-14,62.09000015258789,61.38999938964844,62.04999923706055,61.810001373291016,2252000.0,61.426021575927734
2020-02-18,62.540000915527344,61.63999938964844,61.95000076293945,61.83000183105469,2548100.0,61.445899963378906
2020-02-19,62.45000076293945,61.790000915527344,62.130001068115234,61.880001068115234,3295900.0,61.49558639526367
2020-02-20,62.27000045776367,61.16999816894531,61.869998931884766,62.04999923706055,3685100.0,61.664527893066406
2020-02-21,62.52000045776367,61.650001525878906,62.130001068115234,61.880001068115234,3450500.0,61.49558639526367
2020-02-24,61.529998779296875,60.43000030517578,61.09000015258789,60.43000030517578,2415300.0,60.054595947265625
2020-02-25,60.630001068115234,57.869998931884766,60.52000045776367,58.09000015258789,4366800.0,57.72913360595703
2020-02-26,57.97999954223633,56.2599983215332,57.060001373291016,56.56999969482422,5325100.0,56.21857452392578
2020-02-27,57.58000183105469,55.16999816894531,55.72999954223633,55.86000061035156,7207300.0,55.51298904418945
2020-02-28,54.75,52.04999923706055,54.59000015258789,53.27000045776367,8175500.0,52.9390754699707
2020-03-02,55.11000061035156,53.15999984741211,53.81999969482422,54.83000183105469,8169200.0,54.48938751220703
2020-03-03,57.2400016784668,54.540000915527344,55.099998474121094,55.59000015258789,6180700.0,55.24466323852539
2020-03-04,58.59000015258789,56.31999969482422,56.68000030517578,58.560001373291016,6693600.0,58.19621658325195
2020-03-05,58.400001525878906,56.43000030517578,57.400001525878906,56.709999084472656,4097600.0,56.357704162597656
2020-03-06,55.130001068115234,53.15999984741211,54.709999084472656,54.79999923706055,6155100.0,54.45956802368164
2020-03-09,51.560001373291016,48.47999954223633,51.25,49.119998931884766,5103900.0,48.81485366821289
2020-03-10,51.15999984741211,47.7400016784668,50.40999984741211,50.9900016784668,7057400.0,50.673240661621094
2020-03-11,49.310001373291016,45.470001220703125,48.90999984741211,45.619998931884766,6110400.0,45.33659744262695
2020-03-12,41.900001525878906,36.22999954223633,41.2599983215332,39.220001220703125,8171300.0,38.97636032104492
2020-03-13,41.959999084472656,36.34000015258789,41.59000015258789,39.29999923706055,7475100.0,39.05585861206055
2020-03-16,34.90999984741211,31.200000762939453,34.08000183105469,31.350000381469727,8400400.0,31.155248641967773
2020-03-17,33.34000015258789,27.90999984741211,32.2599983215332,31.229999542236328,9478700.0,31.035993576049805
2020-03-18,30.049999237060547,25.510000228881836,28.90999984741211,28.780000686645508,11532900.0,28.601213455200195
2020-03-19,31.950000762939453,27.600000381469727,28.360000610351562,30.010000228881836,7254800.0,29.823572158813477
2020-03-20,32.5,29.600000381469727,30.920000076293945,31.3799991607666,9398900.0,31.18505859375
2020-03-23,31.889999389648438,28.149999618530273,30.850000381469727,29.559999465942383,9377000.0,29.376365661621094
2020-03-24,34.709999084472656,31.510000228881836,32.34000015258789,32.88999938964844,7444600.0,32.6856803894043
2020-03-25,38.029998779296875,32.54999923706055,34.34000015258789,37.029998779296875,6941800.0,36.79996109008789
2020-03-26,39.47999954223633,37.130001068115234,37.52000045776367,39.27000045776367,6089700.0,39.02604675292969
2020-03-27,37.970001220703125,35.11000061035156,37.400001525878906,36.880001068115234,4874600.0,36.65089416503906
2020-03-30,37.31999969482422,35.20000076293945,36.75,36.84000015258789,4434700.0,36.611141204833984
2020-03-31,36.81999969482422,33.54999923706055,36.4900016784668,34.0,6891500.0,33.788787841796875
2020-04-01,33.599998474121094,31.670000076293945,32.61000061035156,32.68000030517578,8213700.0,32.47698211669922
2020-04-02,33.810001373291016,31.6299991607666,33.0,32.599998474121094,6868500.0,32.39748001098633
2020-04-03,32.900001525878906,31.200000762939453,32.18000030517578,32.13999938964844,6684800.0,31.940340042114258
2020-04-06,37.4900016784668,34.0,34.20000076293945,36.849998474121094,6190700.0,36.62107849121094
2020-04-07,40.130001068115234,36.470001220703125,40.130001068115234,36.540000915527344,6108700.0,36.31300735473633
2020-04-08,40.290000915527344,36.790000915527344,37.2599983215332,39.650001525878906,5381100.0,39.4036865234375
2020-04-09,42.41999816894531,40.31999969482422,40.959999084472656,41.040000915527344,7529300.0,40.78505325317383
2020-04-13,40.900001525878906,38.029998779296875,40.83000183105469,38.630001068115234,7545600.0,38.39002227783203
2020-04-14,40.81999969482422,39.33000183105469,39.869998931884766,40.15999984741211,4058200.0,39.91051483154297
2020-04-15,38.95000076293945,37.58000183105469,38.20000076293945,37.720001220703125,5616600.0,37.48567581176758
2020-04-16,39.2400016784668,37.43000030517578,38.0099983215332,38.70000076293945,4100100.0,38.45958709716797
2020-04-17,41.470001220703125,39.09000015258789,40.41999816894531,39.880001068115234,3940200.0,39.63225555419922
2020-04-20,39.2400016784668,37.880001068115234,38.709999084472656,38.290000915527344,3070800.0,38.0521354675293
2020-04-21,38.540000915527344,37.0099983215332,37.5,38.02000045776367,3637400.0,37.7838134765625
2020-04-22,39.43000030517578,38.0099983215332,38.65999984741211,38.88999938964844,5084600.0,38.648406982421875
2020-04-23,40.45000076293945,38.34000015258789,39.38999938964844,39.18000030517578,4235200.0,38.93660354614258
2020-04-24,41.2400016784668,39.54999923706055,39.61000061035156,40.939998626708984,3956000.0,40.685672760009766
2020-04-27,42.45000076293945,41.08000183105469,41.54999923706055,42.11000061035156,5021000.0,41.84840393066406
2020-04-28,47.9900016784668,44.83000183105469,46.31999969482422,46.93000030517578,7222100.0,46.638458251953125
2020-04-29,49.130001068115234,47.099998474121094,47.099998474121094,48.54999923706055,5850100.0,48.24839782714844
2020-04-30,47.75,46.560001373291016,47.27000045776367,47.220001220703125,6626800.0,46.926658630371094
2020-05-01,46.619998931884766,45.43000030517578,45.84000015258789,46.540000915527344,4422600.0,46.250885009765625
2020-05-04,46.529998779296875,45.369998931884766,45.81999969482422,46.130001068115234,4311100.0,45.84343338012695
2020-05-05,48.439998626708984,46.619998931884766,46.880001068115234,47.41999816894531,4204400.0,47.12541580200195
2020-05-06,48.029998779296875,46.91999816894531,47.599998474121094,47.2599983215332,4234600.0,46.966407775878906
2020-05-07,48.560001373291016,46.81999969482422,48.0,47.15999984741211,3991800.0,46.86703109741211
2020-05-08,49.81999969482422,47.279998779296875,48.040000915527344,49.59000015258789,3074700.0,49.46548843383789
2020-05-11,49.189998626708984,48.04999923706055,48.439998626708984,48.529998779296875,2875800.0,48.40814971923828
2020-05-12,48.900001525878906,47.029998779296875,48.720001220703125,47.08000183105469,2805700.0,46.961795806884766
2020-05-13,46.83000183105469,44.459999084472656,46.83000183105469,45.689998626708984,5495300.0,45.575279235839844
2020-05-14,46.209999084472656,43.81999969482422,44.61000061035156,46.15999984741211,3366300.0,46.04410171508789
2020-05-15,47.529998779296875,45.08000183105469,45.560001373291016,47.209999084472656,2893700.0,47.09146499633789
2020-05-18,52.52000045776367,49.56999969482422,49.70000076293945,51.90999984741211,4813500.0,51.7796630859375
2020-05-19,53.529998779296875,50.90999984741211,51.22999954223633,51.97999954223633,5662900.0,51.8494873046875
2020-05-20,53.5,51.31999969482422,53.349998474121094,52.400001525878906,3832900.0,52.268436431884766
2020-05-21,53.84000015258789,52.040000915527344,52.189998626708984,53.0,4043300.0,52.86692810058594
2020-05-22,54.29999923706055,52.790000915527344,53.369998931884766,54.060001373291016,2587100.0,53.92426681518555
2020-05-26,57.04999923706055,55.18000030517578,56.540000915527344,55.88999938964844,4557100.0,55.749671936035156
2020-05-27,58.83000183105469,56.81999969482422,57.720001220703125,58.83000183105469,7516000.0,58.68229293823242
2020-05-28,59.84000015258789,55.650001525878906,59.75,55.90999984741211,4856100.0,55.769622802734375
2020-05-29,57.36000061035156,55.02000045776367,55.599998474121094,55.29999923706055,6633900.0,55.16115188598633
2020-06-01,56.16999816894531,54.849998474121094,55.52000045776367,54.9900016784668,6008900.0,54.851932525634766
2020-06-02,55.630001068115234,54.779998779296875,55.400001525878906,55.20000076293945,4176100.0,55.061405181884766
2020-06-03,57.099998474121094,55.77000045776367,56.290000915527344,56.66999816894531,4334000.0,56.527713775634766
2020-06-04,56.81999969482422,53.27000045776367,56.20000076293945,53.58000183105469,5239800.0,53.445472717285156
2020-06-05,57.119998931884766,53.77000045776367,55.209999084472656,56.47999954223633,4899800.0,56.338191986083984
2020-06-08,57.459999084472656,54.790000915527344,56.06999969482422,55.119998931884766,3834100.0,54.981605529785156
2020-06-09,55.880001068115234,53.849998474121094,54.290000915527344,55.529998779296875,3679300.0,55.39057540893555
2020-06-10,57.459999084472656,54.5,55.310001373291016,56.279998779296875,3256700.0,56.13869094848633
2020-06-11,54.70000076293945,50.93000030517578,53.72999954223633,51.06999969482422,6118400.0,50.9417724609375
2020-06-12,54.810001373291016,52.5,53.349998474121094,54.0,5490500.0,53.864418029785156
2020-06-15,55.91999816894531,52.2400016784668,52.36000061035156,55.880001068115234,3495800.0,55.73969650268555
2020-06-16,58.43000030517578,55.810001373291016,57.88999938964844,58.0099983215332,7136800.0,57.864349365234375
2020-06-17,59.2400016784668,58.18000030517578,58.59000015258789,58.529998779296875,4797300.0,58.38304138183594
2020-06-18,58.33000183105469,57.060001373291016,57.7400016784668,57.310001373291016,3336100.0,57.166107177734375
2020-06-19,58.689998626708984,55.689998626708984,58.63999938964844,56.060001373291016,5801700.0,55.919246673583984
2020-06-22,56.58000183105469,55.2400016784668,56.060001373291016,56.45000076293945,3006900.0,56.308265686035156
2020-06-23,57.31999969482422,55.86000061035156,57.11000061035156,56.400001525878906,2808900.0,56.258392333984375
2020-06-24,55.97999954223633,52.81999969482422,55.66999816894531,54.09000015258789,3410400.0,53.954193115234375
2020-06-25,54.619998931884766,52.29999923706055,52.38999938964844,54.11000061035156,3449500.0,53.97414016723633
2020-06-26,53.93000030517578,52.61000061035156,53.689998626708984,53.029998779296875,3633800.0,52.8968505859375
2020-06-29,55.02000045776367,52.25,53.54999923706055,54.619998931884766,2128900.0,54.48286056518555
2020-06-30,55.75,54.04999923706055,54.849998474121094,55.45000076293945,2548800.0,55.3107795715332
2020-07-01,55.59000015258789,53.5,55.560001373291016,53.86000061035156,3325000.0,53.724769592285156
2020-07-02,55.25,53.84000015258789,55.02000045776367,54.06999969482422,1881900.0,53.934242248535156
2020-07-06,56.130001068115234,54.88999938964844,55.02000045776367,55.91999816894531,1804300.0,55.77959442138672
2020-07-07,57.13999938964844,55.41999816894531,55.41999816894531,56.54999923706055,3889900.0,56.40801239013672
2020-07-08,59.36000061035156,57.0,57.18000030517578,58.849998474121094,3887400.0,58.702239990234375
2020-07-09,59.43000030517578,57.56999969482422,59.25,58.040000915527344,4495200.0,57.8942756652832
2020-07-10,59.150001525878906,57.869998931884766,58.290000915527344,58.65999984741211,2384800.0,58.512718200683594
2020-07-13,59.66999816894531,56.779998779296875,59.08000183105469,56.90999984741211,3917200.0,56.767112731933594
2020-07-14,59.27000045776367,56.68000030517578,56.70000076293945,59.150001525878906,2571900.0,59.001487731933594
2020-07-15,61.220001220703125,58.779998779296875,60.790000915527344,60.04999923706055,3095900.0,59.899227142333984
2020-07-16,62.63999938964844,59.70000076293945,60.0,62.540000915527344,4222900.0,62.38297653198242
2020-07-17,64.37000274658203,62.7400016784668,63.060001373291016,63.47999954223633,7060600.0,63.320613861083984
2020-07-20,63.720001220703125,62.220001220703125,63.209999084472656,63.5,2652600.0,63.3405647277832
2020-07-21,63.29999923706055,61.66999816894531,62.810001373291016,62.709999084472656,3105500.0,62.552547454833984
2020-07-22,65.0999984741211,62.459999084472656,62.529998779296875,64.80000305175781,3082000.0,64.6373062133789
2020-07-23,66.66000366210938,62.540000915527344,66.36000061035156,63.880001068115234,5526100.0,63.71961212158203
2020-07-24,64.20999908447266,62.2599983215332,63.540000915527344,63.75,2935400.0,63.58993911743164
2020-07-27,66.66999816894531,64.25,64.58000183105469,66.56999969482422,3807300.0,66.4028549194336
2020-07-28,70.29000091552734,64.18000030517578,68.75,64.58000183105469,8176400.0,64.41785430908203
2020-07-29,67.08000183105469,65.08000183105469,65.2300033569336,66.5999984741211,3535600.0,66.43277740478516
2020-07-30,66.55000305175781,65.5,65.70999908447266,66.05000305175781,3000500.0,65.88416290283203
2020-07-31,66.27999877929688,64.63999938964844,66.05999755859375,66.16000366210938,5067000.0,65.99388885498047
2020-08-03,68.45999908447266,66.54000091552734,66.69999694824219,68.31999969482422,3346700.0,68.1484603881836
2020-08-04,68.58999633789062,66.91000366210938,68.06999969482422,67.33999633789062,2212900.0,67.1709213256836
2020-08-05,68.19999694824219,67.01000213623047,67.43000030517578,68.08999633789062,2081400.0,67.91903686523438
2020-08-06,68.37999725341797,67.4800033569336,67.7699966430664,67.62000274658203,1778000.0,67.45022583007812
2020-08-07,68.41000366210938,67.19000244140625,67.45999908447266,68.37999725341797,2412500.0,68.20831298828125
2020-08-10,71.83000183105469,68.22000122070312,68.4000015258789,69.69999694824219,4635000.0,69.52499389648438
2020-08-11,70.30000305175781,68.43000030517578,70.23999786376953,69.04000091552734,6330000.0,69.04000091552734
2020-08-12,71.27999877929688,68.91999816894531,69.43000030517578,71.26000213623047,4018300.0,71.26000213623047
2020-08-13,71.95999908447266,69.94999694824219,70.75,71.4800033569336,2772300.0,71.4800033569336
2020-08-14,71.79000091552734,70.26000213623047,71.01000213623047,71.38999938964844,1884000.0,71.38999938964844
2020-08-17,74.01000213623047,71.75,72.12000274658203,73.33000183105469,3521300.0,73.33000183105469
2020-08-18,74.33999633789062,73.11000061035156,74.04000091552734,73.54000091552734,3261300.0,73.54000091552734
2020-08-19,74.30999755859375,72.7300033569336,73.44999694824219,74.02999877929688,3104000.0,74.02999877929688
2020-08-20,75.54000091552734,72.83999633789062,73.27999877929688,74.5999984741211,3556600.0,74.5999984741211
2020-08-21,76.97000122070312,73.79000091552734,74.05000305175781,76.97000122070312,5956700.0,76.97000122070312
2020-08-24,77.44999694824219,75.70999908447266,77.19000244140625,76.16999816894531,3159200.0,76.16999816894531
2020-08-25,76.69000244140625,74.52999877929688,76.52999877929688,75.4800033569336,2350100.0,75.4800033569336
2020-08-26,75.94999694824219,74.05999755859375,75.81999969482422,74.06999969482422,3277400.0,74.06999969482422
2020-08-27,75.29000091552734,72.44000244140625,75.04000091552734,72.5,3862600.0,72.5
2020-08-28,73.79000091552734,71.48999786376953,73.23999786376953,71.83999633789062,3594200.0,71.83999633789062
2020-08-31,72.62999725341797,70.83000183105469,72.0999984741211,71.37000274658203,4129900.0,71.37000274658203
2020-09-01,73.37999725341797,70.91999816894531,71.47000122070312,73.36000061035156,2618100.0,73.36000061035156
2020-09-02,74.04000091552734,71.83000183105469,74.0,72.88999938964844,2450000.0,72.88999938964844
2020-09-03,72.9800033569336,69.5999984741211,72.62000274658203,70.55999755859375,4127100.0,70.55999755859375
2020-09-04,71.72000122070312,67.41000366210938,71.12000274658203,68.2300033569336,4543600.0,68.2300033569336
2020-09-08,69.36000061035156,66.51000213623047,66.87999725341797,68.01000213623047,3736000.0,68.01000213623047
2020-09-09,70.79000091552734,68.12999725341797,69.01000213623047,70.06999969482422,3427200.0,70.06999969482422
2020-09-10,71.4800033569336,69.44000244140625,70.05000305175781,69.7300033569336,3035100.0,69.7300033569336
2020-09-11,71.70999908447266,69.98999786376953,70.29000091552734,71.38999938964844,2619000.0,71.38999938964844
2020-09-14,72.94000244140625,71.5199966430664,72.4000015258789,72.72000122070312,3633600.0,72.72000122070312
2020-09-15,73.62999725341797,71.5999984741211,72.62999725341797,71.7699966430664,2742800.0,71.7699966430664
2020-09-16,75.31999969482422,72.47000122070312,72.66000366210938,74.37000274658203,4377700.0,74.37000274658203
2020-09-17,73.83000183105469,72.08999633789062,73.05000305175781,73.31999969482422,2828900.0,73.31999969482422
2020-09-18,74.23999786376953,71.76000213623047,73.18000030517578,72.69000244140625,3827800.0,72.69000244140625
2020-09-21,72.37000274658203,69.76000213623047,71.7699966430664,72.12000274658203,2606100.0,72.12000274658203
2020-09-22,75.87999725341797,71.77999877929688,72.43000030517578,75.51000213623047,5443500.0,75.51000213623047
2020-09-23,75.52999877929688,70.91999816894531,75.5,71.16999816894531,3830300.0,71.16999816894531
2020-09-24,73.0199966430664,70.2699966430664,70.97000122070312,72.0,3338700.0,72.0
2020-09-25,72.69000244140625,70.80999755859375,71.51000213623047,71.83000183105469,3337900.0,71.83000183105469
2020-09-28,74.68000030517578,72.0,73.0,74.48999786376953,3151200.0,74.48999786376953
2020-09-29,74.80000305175781,73.66999816894531,74.55000305175781,74.0199966430664,2285500.0,74.0199966430664
2020-09-30,76.5999984741211,74.11000061035156,74.45999908447266,75.62999725341797,3855700.0,75.62999725341797
2020-10-01,77.62999725341797,75.77999877929688,76.70999908447266,77.54000091552734,3514100.0,77.54000091552734
2020-10-02,78.37000274658203,75.55000305175781,75.77999877929688,77.88999938964844,2586500.0,77.88999938964844
2020-10-05,78.77999877929688,74.6500015258789,78.5,75.69999694824219,4174500.0,75.69999694824219
2020-10-06,76.66999816894531,74.6500015258789,75.91000366210938,75.11000061035156,2440700.0,75.11000061035156
2020-10-07,76.86000061035156,75.26000213623047,76.12000274658203,75.76000213623047,2111100.0,75.76000213623047
2020-10-08,77.91999816894531,76.62000274658203,76.6500015258789,77.70999908447266,1786100.0,77.70999908447266
2020-10-09,78.97000122070312,77.52999877929688,78.48999786376953,78.08999633789062,1954200.0,78.08999633789062
2020-10-12,78.80999755859375,77.41000366210938,78.61000061035156,78.3499984741211,1776400.0,78.3499984741211
2020-10-13,78.61000061035156,76.7300033569336,77.97000122070312,77.8499984741211,1952300.0,77.8499984741211
2020-10-14,78.5999984741211,77.33000183105469,78.2300033569336,78.2699966430664,1695500.0,78.2699966430664
2020-10-15,78.94000244140625,76.76000213623047,77.02999877929688,78.81999969482422,2165900.0,78.81999969482422
2020-10-16,81.20999908447266,76.95999908447266,79.5,77.08999633789062,3597600.0,77.08999633789062
2020-10-19,78.30000305175781,75.2300033569336,77.5199966430664,75.79000091552734,1764600.0,75.79000091552734
2020-10-20,77.38999938964844,75.63999938964844,75.97000122070312,76.5199966430664,2071000.0,76.5199966430664
2020-10-21,76.54000091552734,72.81999969482422,76.30999755859375,73.11000061035156,2818700.0,73.11000061035156
2020-10-22,73.37999725341797,70.27999877929688,73.37999725341797,70.58999633789062,3949900.0,70.58999633789062
2020-10-23,73.19999694824219,70.94999694824219,71.19000244140625,73.05999755859375,2294900.0,73.05999755859375
2020-10-26,72.75,69.75,72.45999908447266,70.83999633789062,3282000.0,70.83999633789062
2020-10-27,71.26000213623047,68.6500015258789,71.0999984741211,69.0999984741211,2577800.0,69.0999984741211
2020-10-28,70.2300033569336,67.38999938964844,67.87999725341797,69.19999694824219,1364425.0,69.19999694824219
